1716 0.000166667 1717 0.000333333
1717 0.000751667 1718 0.000953333
1718 0.00151452 1719 0.00175853
1719 0.00249807 1720 0.00279333
1720 0.00375471 1721 0.00411197
1721 0.00534845 1722 0.00578074
1722 0.00735741 1723 0.00788048
1723 0.00987682 1724 0.0105097
1724 0.0130227 1725 0.0137886
1725 0.0169365 1726 0.0178632
1726 0.02179 1727 0.0229113
1727 0.0277925 1728 0.0291492
1728 0.0351981 1729 0.0368398
1729 0.0443159 1730 0.0463023
1730 0.055521 1731 0.0579245
1731 0.069269 1732 0.0721772
1732 0.086113 1733 0.0896319
1733 0.106724 1734 0.110982
1734 0.103565 1735 0.106793
1735 0.566667 1736 0.633333
1736 0.850667 1737 0.931333
1737 1.21081 1738 1.30841
1738 1.66473 1739 1.78283
1739 2.23393 1740 2.37684
1740 2.94464 1741 3.11755
1741 3.82874 1742 4.03797
1742 4.92509 1743 5.17825
1743 6.28089 1744 6.58723
1744 7.95357 1745 8.32424
1745 10.0129 1746 10.4614
1746 12.5436 1747 13.0862
1747 15.6485 1748 16.3051
1748 19.4525 1749 20.247
1749 24.1071 1750 25.0685
1750 29.7962 1751 30.9595
1751 36.7427 1752 38.1503
1752 45.2168 1753 46.92
1753 18.5265 1754 18.7674
