736
0 1 24 25 
1 2 25 26 
2 3 26 27 
3 4 27 28 
4 5 28 29 
5 6 29 30 
6 7 30 31 
7 8 31 32 
8 9 32 33 
9 10 33 34 
10 11 34 35 
11 12 35 36 
12 13 36 37 
13 14 37 38 
14 15 38 39 
15 16 39 40 
16 17 40 41 
17 18 41 42 
18 19 42 43 
19 20 43 44 
20 21 44 45 
21 22 45 46 
22 23 46 47 
24 25 48 49 
25 26 49 50 
26 27 50 51 
27 28 51 52 
28 29 52 53 
29 30 53 54 
30 31 54 55 
31 32 55 56 
32 33 56 57 
33 34 57 58 
34 35 58 59 
35 36 59 60 
36 37 60 61 
37 38 61 62 
38 39 62 63 
39 40 63 64 
40 41 64 65 
41 42 65 66 
42 43 66 67 
43 44 67 68 
44 45 68 69 
45 46 69 70 
46 47 70 71 
48 49 72 73 
49 50 73 74 
50 51 74 75 
51 52 75 76 
52 53 76 77 
53 54 77 78 
54 55 78 79 
55 56 79 80 
56 57 80 81 
57 58 81 82 
58 59 82 83 
59 60 83 84 
60 61 84 85 
61 62 85 86 
62 63 86 87 
63 64 87 88 
64 65 88 89 
65 66 89 90 
66 67 90 91 
67 68 91 92 
68 69 92 93 
69 70 93 94 
70 71 94 95 
72 73 96 97 
73 74 97 98 
74 75 98 99 
75 76 99 100 
76 77 100 101 
77 78 101 102 
78 79 102 103 
79 80 103 104 
80 81 104 105 
81 82 105 106 
82 83 106 107 
83 84 107 108 
84 85 108 109 
85 86 109 110 
86 87 110 111 
87 88 111 112 
88 89 112 113 
89 90 113 114 
90 91 114 115 
91 92 115 116 
92 93 116 117 
93 94 117 118 
94 95 118 119 
96 97 120 121 
97 98 121 122 
98 99 122 123 
99 100 123 124 
100 101 124 125 
101 102 125 126 
102 103 126 127 
103 104 127 128 
104 105 128 129 
105 106 129 130 
106 107 130 131 
107 108 131 132 
108 109 132 133 
109 110 133 134 
110 111 134 135 
111 112 135 136 
112 113 136 137 
113 114 137 138 
114 115 138 139 
115 116 139 140 
116 117 140 141 
117 118 141 142 
118 119 142 143 
120 121 144 145 
121 122 145 146 
122 123 146 147 
123 124 147 148 
124 125 148 149 
125 126 149 150 
126 127 150 151 
127 128 151 152 
128 129 152 153 
129 130 153 154 
130 131 154 155 
131 132 155 156 
132 133 156 157 
133 134 157 158 
134 135 158 159 
135 136 159 160 
136 137 160 161 
137 138 161 162 
138 139 162 163 
139 140 163 164 
140 141 164 165 
141 142 165 166 
142 143 166 167 
144 145 168 169 
145 146 169 170 
146 147 170 171 
147 148 171 172 
148 149 172 173 
149 150 173 174 
150 151 174 175 
151 152 175 176 
152 153 176 177 
153 154 177 178 
154 155 178 179 
155 156 179 180 
156 157 180 181 
157 158 181 182 
158 159 182 183 
159 160 183 184 
160 161 184 185 
161 162 185 186 
162 163 186 187 
163 164 187 188 
164 165 188 189 
165 166 189 190 
166 167 190 191 
168 169 192 193 
169 170 193 194 
170 171 194 195 
171 172 195 196 
172 173 196 197 
173 174 197 198 
174 175 198 199 
175 176 199 200 
176 177 200 201 
177 178 201 202 
178 179 202 203 
179 180 203 204 
180 181 204 205 
181 182 205 206 
182 183 206 207 
183 184 207 208 
184 185 208 209 
185 186 209 210 
186 187 210 211 
187 188 211 212 
188 189 212 213 
189 190 213 214 
190 191 214 215 
192 193 216 217 
193 194 217 218 
194 195 218 219 
195 196 219 220 
196 197 220 221 
197 198 221 222 
198 199 222 223 
199 200 223 224 
200 201 224 225 
201 202 225 226 
202 203 226 227 
203 204 227 228 
204 205 228 229 
205 206 229 230 
206 207 230 231 
207 208 231 232 
208 209 232 233 
209 210 233 234 
210 211 234 235 
211 212 235 236 
212 213 236 237 
213 214 237 238 
214 215 238 239 
216 217 240 241 
217 218 241 242 
218 219 242 243 
219 220 243 244 
220 221 244 245 
221 222 245 246 
222 223 246 247 
223 224 247 248 
224 225 248 249 
225 226 249 250 
226 227 250 251 
227 228 251 252 
228 229 252 253 
229 230 253 254 
230 231 254 255 
231 232 255 256 
232 233 256 257 
233 234 257 258 
234 235 258 259 
235 236 259 260 
236 237 260 261 
237 238 261 262 
238 239 262 263 
240 241 264 265 
241 242 265 266 
242 243 266 267 
243 244 267 268 
244 245 268 269 
245 246 269 270 
246 247 270 271 
247 248 271 272 
248 249 272 273 
249 250 273 274 
250 251 274 275 
251 252 275 276 
252 253 276 277 
253 254 277 278 
254 255 278 279 
255 256 279 280 
256 257 280 281 
257 258 281 282 
258 259 282 283 
259 260 283 284 
260 261 284 285 
261 262 285 286 
262 263 286 287 
264 265 288 289 
265 266 289 290 
266 267 290 291 
267 268 291 292 
268 269 292 293 
269 270 293 294 
270 271 294 295 
271 272 295 296 
272 273 296 297 
273 274 297 298 
274 275 298 299 
275 276 299 300 
276 277 300 301 
277 278 301 302 
278 279 302 303 
279 280 303 304 
280 281 304 305 
281 282 305 306 
282 283 306 307 
283 284 307 308 
284 285 308 309 
285 286 309 310 
286 287 310 311 
288 289 312 313 
289 290 313 314 
290 291 314 315 
291 292 315 316 
292 293 316 317 
293 294 317 318 
294 295 318 319 
295 296 319 320 
296 297 320 321 
297 298 321 322 
298 299 322 323 
299 300 323 324 
300 301 324 325 
301 302 325 326 
302 303 326 327 
303 304 327 328 
304 305 328 329 
305 306 329 330 
306 307 330 331 
307 308 331 332 
308 309 332 333 
309 310 333 334 
310 311 334 335 
312 313 336 337 
313 314 337 338 
314 315 338 339 
315 316 339 340 
316 317 340 341 
317 318 341 342 
318 319 342 343 
319 320 343 344 
320 321 344 345 
321 322 345 346 
322 323 346 347 
323 324 347 348 
324 325 348 349 
325 326 349 350 
326 327 350 351 
327 328 351 352 
328 329 352 353 
329 330 353 354 
330 331 354 355 
331 332 355 356 
332 333 356 357 
333 334 357 358 
334 335 358 359 
336 337 360 361 
337 338 361 362 
338 339 362 363 
339 340 363 364 
340 341 364 365 
341 342 365 366 
342 343 366 367 
343 344 367 368 
344 345 368 369 
345 346 369 370 
346 347 370 371 
347 348 371 372 
348 349 372 373 
349 350 373 374 
350 351 374 375 
351 352 375 376 
352 353 376 377 
353 354 377 378 
354 355 378 379 
355 356 379 380 
356 357 380 381 
357 358 381 382 
358 359 382 383 
360 361 384 385 
361 362 385 386 
362 363 386 387 
363 364 387 388 
364 365 388 389 
365 366 389 390 
366 367 390 391 
367 368 391 392 
368 369 392 393 
369 370 393 394 
370 371 394 395 
371 372 395 396 
372 373 396 397 
373 374 397 398 
374 375 398 399 
375 376 399 400 
376 377 400 401 
377 378 401 402 
378 379 402 403 
379 380 403 404 
380 381 404 405 
381 382 405 406 
382 383 406 407 
384 385 408 409 
385 386 409 410 
386 387 410 411 
387 388 411 412 
388 389 412 413 
389 390 413 414 
390 391 414 415 
391 392 415 416 
392 393 416 417 
393 394 417 418 
394 395 418 419 
395 396 419 420 
396 397 420 421 
397 398 421 422 
398 399 422 423 
399 400 423 424 
400 401 424 425 
401 402 425 426 
402 403 426 427 
403 404 427 428 
404 405 428 429 
405 406 429 430 
406 407 430 431 
408 409 432 433 
409 410 433 434 
410 411 434 435 
411 412 435 436 
412 413 436 437 
413 414 437 438 
414 415 438 439 
415 416 439 440 
416 417 440 441 
417 418 441 442 
418 419 442 443 
419 420 443 444 
420 421 444 445 
421 422 445 446 
422 423 446 447 
423 424 447 448 
424 425 448 449 
425 426 449 450 
426 427 450 451 
427 428 451 452 
428 429 452 453 
429 430 453 454 
430 431 454 455 
432 433 456 457 
433 434 457 458 
434 435 458 459 
435 436 459 460 
436 437 460 461 
437 438 461 462 
438 439 462 463 
439 440 463 464 
440 441 464 465 
441 442 465 466 
442 443 466 467 
443 444 467 468 
444 445 468 469 
445 446 469 470 
446 447 470 471 
447 448 471 472 
448 449 472 473 
449 450 473 474 
450 451 474 475 
451 452 475 476 
452 453 476 477 
453 454 477 478 
454 455 478 479 
456 457 480 481 
457 458 481 482 
458 459 482 483 
459 460 483 484 
460 461 484 485 
461 462 485 486 
462 463 486 487 
463 464 487 488 
464 465 488 489 
465 466 489 490 
466 467 490 491 
467 468 491 492 
468 469 492 493 
469 470 493 494 
470 471 494 495 
471 472 495 496 
472 473 496 497 
473 474 497 498 
474 475 498 499 
475 476 499 500 
476 477 500 501 
477 478 501 502 
478 479 502 503 
480 481 504 505 
481 482 505 506 
482 483 506 507 
483 484 507 508 
484 485 508 509 
485 486 509 510 
486 487 510 511 
487 488 511 512 
488 489 512 513 
489 490 513 514 
490 491 514 515 
491 492 515 516 
492 493 516 517 
493 494 517 518 
494 495 518 519 
495 496 519 520 
496 497 520 521 
497 498 521 522 
498 499 522 523 
499 500 523 524 
500 501 524 525 
501 502 525 526 
502 503 526 527 
504 505 528 529 
505 506 529 530 
506 507 530 531 
507 508 531 532 
508 509 532 533 
509 510 533 534 
510 511 534 535 
511 512 535 536 
512 513 536 537 
513 514 537 538 
514 515 538 539 
515 516 539 540 
516 517 540 541 
517 518 541 542 
518 519 542 543 
519 520 543 544 
520 521 544 545 
521 522 545 546 
522 523 546 547 
523 524 547 548 
524 525 548 549 
525 526 549 550 
526 527 550 551 
528 529 552 553 
529 530 553 554 
530 531 554 555 
531 532 555 556 
532 533 556 557 
533 534 557 558 
534 535 558 559 
535 536 559 560 
536 537 560 561 
537 538 561 562 
538 539 562 563 
539 540 563 564 
540 541 564 565 
541 542 565 566 
542 543 566 567 
543 544 567 568 
544 545 568 569 
545 546 569 570 
546 547 570 571 
547 548 571 572 
548 549 572 573 
549 550 573 574 
550 551 574 575 
552 553 576 577 
553 554 577 578 
554 555 578 579 
555 556 579 580 
556 557 580 581 
557 558 581 582 
558 559 582 583 
559 560 583 584 
560 561 584 585 
561 562 585 586 
562 563 586 587 
563 564 587 588 
564 565 588 589 
565 566 589 590 
566 567 590 591 
567 568 591 592 
568 569 592 593 
569 570 593 594 
570 571 594 595 
571 572 595 596 
572 573 596 597 
573 574 597 598 
574 575 598 599 
576 577 600 601 
577 578 601 602 
578 579 602 603 
579 580 603 604 
580 581 604 605 
581 582 605 606 
582 583 606 607 
583 584 607 608 
584 585 608 609 
585 586 609 610 
586 587 610 611 
587 588 611 612 
588 589 612 613 
589 590 613 614 
590 591 614 615 
591 592 615 616 
592 593 616 617 
593 594 617 618 
594 595 618 619 
595 596 619 620 
596 597 620 621 
597 598 621 622 
598 599 622 623 
600 601 624 625 
601 602 625 626 
602 603 626 627 
603 604 627 628 
604 605 628 629 
605 606 629 630 
606 607 630 631 
607 608 631 632 
608 609 632 633 
609 610 633 634 
610 611 634 635 
611 612 635 636 
612 613 636 637 
613 614 637 638 
614 615 638 639 
615 616 639 640 
616 617 640 641 
617 618 641 642 
618 619 642 643 
619 620 643 644 
620 621 644 645 
621 622 645 646 
622 623 646 647 
624 625 648 649 
625 626 649 650 
626 627 650 651 
627 628 651 652 
628 629 652 653 
629 630 653 654 
630 631 654 655 
631 632 655 656 
632 633 656 657 
633 634 657 658 
634 635 658 659 
635 636 659 660 
636 637 660 661 
637 638 661 662 
638 639 662 663 
639 640 663 664 
640 641 664 665 
641 642 665 666 
642 643 666 667 
643 644 667 668 
644 645 668 669 
645 646 669 670 
646 647 670 671 
648 649 672 673 
649 650 673 674 
650 651 674 675 
651 652 675 676 
652 653 676 677 
653 654 677 678 
654 655 678 679 
655 656 679 680 
656 657 680 681 
657 658 681 682 
658 659 682 683 
659 660 683 684 
660 661 684 685 
661 662 685 686 
662 663 686 687 
663 664 687 688 
664 665 688 689 
665 666 689 690 
666 667 690 691 
667 668 691 692 
668 669 692 693 
669 670 693 694 
670 671 694 695 
672 673 696 697 
673 674 697 698 
674 675 698 699 
675 676 699 700 
676 677 700 701 
677 678 701 702 
678 679 702 703 
679 680 703 704 
680 681 704 705 
681 682 705 706 
682 683 706 707 
683 684 707 708 
684 685 708 709 
685 686 709 710 
686 687 710 711 
687 688 711 712 
688 689 712 713 
689 690 713 714 
690 691 714 715 
691 692 715 716 
692 693 716 717 
693 694 717 718 
694 695 718 719 
696 697 720 721 
697 698 721 722 
698 699 722 723 
699 700 723 724 
700 701 724 725 
701 702 725 726 
702 703 726 727 
703 704 727 728 
704 705 728 729 
705 706 729 730 
706 707 730 731 
707 708 731 732 
708 709 732 733 
709 710 733 734 
710 711 734 735 
711 712 735 736 
712 713 736 737 
713 714 737 738 
714 715 738 739 
715 716 739 740 
716 717 740 741 
717 718 741 742 
718 719 742 743 
720 721 744 745 
721 722 745 746 
722 723 746 747 
723 724 747 748 
724 725 748 749 
725 726 749 750 
726 727 750 751 
727 728 751 752 
728 729 752 753 
729 730 753 754 
730 731 754 755 
731 732 755 756 
732 733 756 757 
733 734 757 758 
734 735 758 759 
735 736 759 760 
736 737 760 761 
737 738 761 762 
738 739 762 763 
739 740 763 764 
740 741 764 765 
741 742 765 766 
742 743 766 767 
744 745 768 769 
745 746 769 770 
746 747 770 771 
747 748 771 772 
748 749 772 773 
749 750 773 774 
750 751 774 775 
751 752 775 776 
752 753 776 777 
753 754 777 778 
754 755 778 779 
755 756 779 780 
756 757 780 781 
757 758 781 782 
758 759 782 783 
759 760 783 784 
760 761 784 785 
761 762 785 786 
762 763 786 787 
763 764 787 788 
764 765 788 789 
765 766 789 790 
766 767 790 791 
