792
0 -1000
2 -1000
4.4 -1000
7.28 -1000
10.736 -1000
14.8832 -1000
19.8598 -1000
25.8318 -1000
32.9982 -1000
41.5978 -1000
50 -1000
70 -1000
94 -1000
122.8 -1000
157.36 -1000
198.832 -1000
248.598 -1000
308.318 -1000
379.982 -1000
465.978 -1000
569.174 -1000
693.008 -1000
841.61 -1000
1000 -1000
0 -891.61
2 -891.61
4.4 -891.61
7.28 -891.61
10.736 -891.61
14.8832 -891.61
19.8598 -891.61
25.8318 -891.61
32.9982 -891.61
41.5978 -891.61
50 -891.61
70 -891.61
94 -891.61
122.8 -891.61
157.36 -891.61
198.832 -891.61
248.598 -891.61
308.318 -891.61
379.982 -891.61
465.978 -891.61
569.174 -891.61
693.008 -891.61
841.61 -891.61
1000 -891.61
0 -743.008
2 -743.008
4.4 -743.008
7.28 -743.008
10.736 -743.008
14.8832 -743.008
19.8598 -743.008
25.8318 -743.008
32.9982 -743.008
41.5978 -743.008
50 -743.008
70 -743.008
94 -743.008
122.8 -743.008
157.36 -743.008
198.832 -743.008
248.598 -743.008
308.318 -743.008
379.982 -743.008
465.978 -743.008
569.174 -743.008
693.008 -743.008
841.61 -743.008
1000 -743.008
0 -619.174
2 -619.174
4.4 -619.174
7.28 -619.174
10.736 -619.174
14.8832 -619.174
19.8598 -619.174
25.8318 -619.174
32.9982 -619.174
41.5978 -619.174
50 -619.174
70 -619.174
94 -619.174
122.8 -619.174
157.36 -619.174
198.832 -619.174
248.598 -619.174
308.318 -619.174
379.982 -619.174
465.978 -619.174
569.174 -619.174
693.008 -619.174
841.61 -619.174
1000 -619.174
0 -515.978
2 -515.978
4.4 -515.978
7.28 -515.978
10.736 -515.978
14.8832 -515.978
19.8598 -515.978
25.8318 -515.978
32.9982 -515.978
41.5978 -515.978
50 -515.978
70 -515.978
94 -515.978
122.8 -515.978
157.36 -515.978
198.832 -515.978
248.598 -515.978
308.318 -515.978
379.982 -515.978
465.978 -515.978
569.174 -515.978
693.008 -515.978
841.61 -515.978
1000 -515.978
0 -429.982
2 -429.982
4.4 -429.982
7.28 -429.982
10.736 -429.982
14.8832 -429.982
19.8598 -429.982
25.8318 -429.982
32.9982 -429.982
41.5978 -429.982
50 -429.982
70 -429.982
94 -429.982
122.8 -429.982
157.36 -429.982
198.832 -429.982
248.598 -429.982
308.318 -429.982
379.982 -429.982
465.978 -429.982
569.174 -429.982
693.008 -429.982
841.61 -429.982
1000 -429.982
0 -358.318
2 -358.318
4.4 -358.318
7.28 -358.318
10.736 -358.318
14.8832 -358.318
19.8598 -358.318
25.8318 -358.318
32.9982 -358.318
41.5978 -358.318
50 -358.318
70 -358.318
94 -358.318
122.8 -358.318
157.36 -358.318
198.832 -358.318
248.598 -358.318
308.318 -358.318
379.982 -358.318
465.978 -358.318
569.174 -358.318
693.008 -358.318
841.61 -358.318
1000 -358.318
0 -298.598
2 -298.598
4.4 -298.598
7.28 -298.598
10.736 -298.598
14.8832 -298.598
19.8598 -298.598
25.8318 -298.598
32.9982 -298.598
41.5978 -298.598
50 -298.598
70 -298.598
94 -298.598
122.8 -298.598
157.36 -298.598
198.832 -298.598
248.598 -298.598
308.318 -298.598
379.982 -298.598
465.978 -298.598
569.174 -298.598
693.008 -298.598
841.61 -298.598
1000 -298.598
0 -248.832
2 -248.832
4.4 -248.832
7.28 -248.832
10.736 -248.832
14.8832 -248.832
19.8598 -248.832
25.8318 -248.832
32.9982 -248.832
41.5978 -248.832
50 -248.832
70 -248.832
94 -248.832
122.8 -248.832
157.36 -248.832
198.832 -248.832
248.598 -248.832
308.318 -248.832
379.982 -248.832
465.978 -248.832
569.174 -248.832
693.008 -248.832
841.61 -248.832
1000 -248.832
0 -207.36
2 -207.36
4.4 -207.36
7.28 -207.36
10.736 -207.36
14.8832 -207.36
19.8598 -207.36
25.8318 -207.36
32.9982 -207.36
41.5978 -207.36
50 -207.36
70 -207.36
94 -207.36
122.8 -207.36
157.36 -207.36
198.832 -207.36
248.598 -207.36
308.318 -207.36
379.982 -207.36
465.978 -207.36
569.174 -207.36
693.008 -207.36
841.61 -207.36
1000 -207.36
0 -172.8
2 -172.8
4.4 -172.8
7.28 -172.8
10.736 -172.8
14.8832 -172.8
19.8598 -172.8
25.8318 -172.8
32.9982 -172.8
41.5978 -172.8
50 -172.8
70 -172.8
94 -172.8
122.8 -172.8
157.36 -172.8
198.832 -172.8
248.598 -172.8
308.318 -172.8
379.982 -172.8
465.978 -172.8
569.174 -172.8
693.008 -172.8
841.61 -172.8
1000 -172.8
0 -144
2 -144
4.4 -144
7.28 -144
10.736 -144
14.8832 -144
19.8598 -144
25.8318 -144
32.9982 -144
41.5978 -144
50 -144
70 -144
94 -144
122.8 -144
157.36 -144
198.832 -144
248.598 -144
308.318 -144
379.982 -144
465.978 -144
569.174 -144
693.008 -144
841.61 -144
1000 -144
0 -120
2 -120
4.4 -120
7.28 -120
10.736 -120
14.8832 -120
19.8598 -120
25.8318 -120
32.9982 -120
41.5978 -120
50 -120
70 -120
94 -120
122.8 -120
157.36 -120
198.832 -120
248.598 -120
308.318 -120
379.982 -120
465.978 -120
569.174 -120
693.008 -120
841.61 -120
1000 -120
0 -100
2 -100
4.4 -100
7.28 -100
10.736 -100
14.8832 -100
19.8598 -100
25.8318 -100
32.9982 -100
41.5978 -100
50 -100
70 -100
94 -100
122.8 -100
157.36 -100
198.832 -100
248.598 -100
308.318 -100
379.982 -100
465.978 -100
569.174 -100
693.008 -100
841.61 -100
1000 -100
0 -91.1983
2 -91.1983
4.4 -91.1983
7.28 -91.1983
10.736 -91.1983
14.8832 -91.1983
19.8598 -91.1983
25.8318 -91.1983
32.9982 -91.1983
41.5978 -91.1983
50 -91.1983
70 -91.1983
94 -91.1983
122.8 -91.1983
157.36 -91.1983
198.832 -91.1983
248.598 -91.1983
308.318 -91.1983
379.982 -91.1983
465.978 -91.1983
569.174 -91.1983
693.008 -91.1983
841.61 -91.1983
1000 -91.1983
0 -81.0894
2 -81.0894
4.4 -81.0894
7.28 -81.0894
10.736 -81.0894
14.8832 -81.0894
19.8598 -81.0894
25.8318 -81.0894
32.9982 -81.0894
41.5978 -81.0894
50 -81.0894
70 -81.0894
94 -81.0894
122.8 -81.0894
157.36 -81.0894
198.832 -81.0894
248.598 -81.0894
308.318 -81.0894
379.982 -81.0894
465.978 -81.0894
569.174 -81.0894
693.008 -81.0894
841.61 -81.0894
1000 -81.0894
0 -71.8995
2 -71.8995
4.4 -71.8995
7.28 -71.8995
10.736 -71.8995
14.8832 -71.8995
19.8598 -71.8995
25.8318 -71.8995
32.9982 -71.8995
41.5978 -71.8995
50 -71.8995
70 -71.8995
94 -71.8995
122.8 -71.8995
157.36 -71.8995
198.832 -71.8995
248.598 -71.8995
308.318 -71.8995
379.982 -71.8995
465.978 -71.8995
569.174 -71.8995
693.008 -71.8995
841.61 -71.8995
1000 -71.8995
0 -63.545
2 -63.545
4.4 -63.545
7.28 -63.545
10.736 -63.545
14.8832 -63.545
19.8598 -63.545
25.8318 -63.545
32.9982 -63.545
41.5978 -63.545
50 -63.545
70 -63.545
94 -63.545
122.8 -63.545
157.36 -63.545
198.832 -63.545
248.598 -63.545
308.318 -63.545
379.982 -63.545
465.978 -63.545
569.174 -63.545
693.008 -63.545
841.61 -63.545
1000 -63.545
0 -55.95
2 -55.95
4.4 -55.95
7.28 -55.95
10.736 -55.95
14.8832 -55.95
19.8598 -55.95
25.8318 -55.95
32.9982 -55.95
41.5978 -55.95
50 -55.95
70 -55.95
94 -55.95
122.8 -55.95
157.36 -55.95
198.832 -55.95
248.598 -55.95
308.318 -55.95
379.982 -55.95
465.978 -55.95
569.174 -55.95
693.008 -55.95
841.61 -55.95
1000 -55.95
0 -49.0454
2 -49.0454
4.4 -49.0454
7.28 -49.0454
10.736 -49.0454
14.8832 -49.0454
19.8598 -49.0454
25.8318 -49.0454
32.9982 -49.0454
41.5978 -49.0454
50 -49.0454
70 -49.0454
94 -49.0454
122.8 -49.0454
157.36 -49.0454
198.832 -49.0454
248.598 -49.0454
308.318 -49.0454
379.982 -49.0454
465.978 -49.0454
569.174 -49.0454
693.008 -49.0454
841.61 -49.0454
1000 -49.0454
0 -42.7686
2 -42.7686
4.4 -42.7686
7.28 -42.7686
10.736 -42.7686
14.8832 -42.7686
19.8598 -42.7686
25.8318 -42.7686
32.9982 -42.7686
41.5978 -42.7686
50 -42.7686
70 -42.7686
94 -42.7686
122.8 -42.7686
157.36 -42.7686
198.832 -42.7686
248.598 -42.7686
308.318 -42.7686
379.982 -42.7686
465.978 -42.7686
569.174 -42.7686
693.008 -42.7686
841.61 -42.7686
1000 -42.7686
0 -37.0623
2 -37.0623
4.4 -37.0623
7.28 -37.0623
10.736 -37.0623
14.8832 -37.0623
19.8598 -37.0623
25.8318 -37.0623
32.9982 -37.0623
41.5978 -37.0623
50 -37.0623
70 -37.0623
94 -37.0623
122.8 -37.0623
157.36 -37.0623
198.832 -37.0623
248.598 -37.0623
308.318 -37.0623
379.982 -37.0623
465.978 -37.0623
569.174 -37.0623
693.008 -37.0623
841.61 -37.0623
1000 -37.0623
0 -31.8748
2 -31.8748
4.4 -31.8748
7.28 -31.8748
10.736 -31.8748
14.8832 -31.8748
19.8598 -31.8748
25.8318 -31.8748
32.9982 -31.8748
41.5978 -31.8748
50 -31.8748
70 -31.8748
94 -31.8748
122.8 -31.8748
157.36 -31.8748
198.832 -31.8748
248.598 -31.8748
308.318 -31.8748
379.982 -31.8748
465.978 -31.8748
569.174 -31.8748
693.008 -31.8748
841.61 -31.8748
1000 -31.8748
0 -27.159
2 -27.159
4.4 -27.159
7.28 -27.159
10.736 -27.159
14.8832 -27.159
19.8598 -27.159
25.8318 -27.159
32.9982 -27.159
41.5978 -27.159
50 -27.159
70 -27.159
94 -27.159
122.8 -27.159
157.36 -27.159
198.832 -27.159
248.598 -27.159
308.318 -27.159
379.982 -27.159
465.978 -27.159
569.174 -27.159
693.008 -27.159
841.61 -27.159
1000 -27.159
0 -22.8718
2 -22.8718
4.4 -22.8718
7.28 -22.8718
10.736 -22.8718
14.8832 -22.8718
19.8598 -22.8718
25.8318 -22.8718
32.9982 -22.8718
41.5978 -22.8718
50 -22.8718
70 -22.8718
94 -22.8718
122.8 -22.8718
157.36 -22.8718
198.832 -22.8718
248.598 -22.8718
308.318 -22.8718
379.982 -22.8718
465.978 -22.8718
569.174 -22.8718
693.008 -22.8718
841.61 -22.8718
1000 -22.8718
0 -18.9743
2 -18.9743
4.4 -18.9743
7.28 -18.9743
10.736 -18.9743
14.8832 -18.9743
19.8598 -18.9743
25.8318 -18.9743
32.9982 -18.9743
41.5978 -18.9743
50 -18.9743
70 -18.9743
94 -18.9743
122.8 -18.9743
157.36 -18.9743
198.832 -18.9743
248.598 -18.9743
308.318 -18.9743
379.982 -18.9743
465.978 -18.9743
569.174 -18.9743
693.008 -18.9743
841.61 -18.9743
1000 -18.9743
0 -15.4312
2 -15.4312
4.4 -15.4312
7.28 -15.4312
10.736 -15.4312
14.8832 -15.4312
19.8598 -15.4312
25.8318 -15.4312
32.9982 -15.4312
41.5978 -15.4312
50 -15.4312
70 -15.4312
94 -15.4312
122.8 -15.4312
157.36 -15.4312
198.832 -15.4312
248.598 -15.4312
308.318 -15.4312
379.982 -15.4312
465.978 -15.4312
569.174 -15.4312
693.008 -15.4312
841.61 -15.4312
1000 -15.4312
0 -12.2102
2 -12.2102
4.4 -12.2102
7.28 -12.2102
10.736 -12.2102
14.8832 -12.2102
19.8598 -12.2102
25.8318 -12.2102
32.9982 -12.2102
41.5978 -12.2102
50 -12.2102
70 -12.2102
94 -12.2102
122.8 -12.2102
157.36 -12.2102
198.832 -12.2102
248.598 -12.2102
308.318 -12.2102
379.982 -12.2102
465.978 -12.2102
569.174 -12.2102
693.008 -12.2102
841.61 -12.2102
1000 -12.2102
0 -9.282
2 -9.282
4.4 -9.282
7.28 -9.282
10.736 -9.282
14.8832 -9.282
19.8598 -9.282
25.8318 -9.282
32.9982 -9.282
41.5978 -9.282
50 -9.282
70 -9.282
94 -9.282
122.8 -9.282
157.36 -9.282
198.832 -9.282
248.598 -9.282
308.318 -9.282
379.982 -9.282
465.978 -9.282
569.174 -9.282
693.008 -9.282
841.61 -9.282
1000 -9.282
0 -6.62
2 -6.62
4.4 -6.62
7.28 -6.62
10.736 -6.62
14.8832 -6.62
19.8598 -6.62
25.8318 -6.62
32.9982 -6.62
41.5978 -6.62
50 -6.62
70 -6.62
94 -6.62
122.8 -6.62
157.36 -6.62
198.832 -6.62
248.598 -6.62
308.318 -6.62
379.982 -6.62
465.978 -6.62
569.174 -6.62
693.008 -6.62
841.61 -6.62
1000 -6.62
0 -4.2
2 -4.2
4.4 -4.2
7.28 -4.2
10.736 -4.2
14.8832 -4.2
19.8598 -4.2
25.8318 -4.2
32.9982 -4.2
41.5978 -4.2
50 -4.2
70 -4.2
94 -4.2
122.8 -4.2
157.36 -4.2
198.832 -4.2
248.598 -4.2
308.318 -4.2
379.982 -4.2
465.978 -4.2
569.174 -4.2
693.008 -4.2
841.61 -4.2
1000 -4.2
0 -2
2 -2
4.4 -2
7.28 -2
10.736 -2
14.8832 -2
19.8598 -2
25.8318 -2
32.9982 -2
41.5978 -2
50 -2
70 -2
94 -2
122.8 -2
157.36 -2
198.832 -2
248.598 -2
308.318 -2
379.982 -2
465.978 -2
569.174 -2
693.008 -2
841.61 -2
1000 -2
0 0
2 0
4.4 0
7.28 0
10.736 0
14.8832 0
19.8598 0
25.8318 0
32.9982 0
41.5978 0
50 0
70 0
94 0
122.8 0
157.36 0
198.832 0
248.598 0
308.318 0
379.982 0
465.978 0
569.174 0
693.008 0
841.61 0
1000 0
