0   0   0
0   1   1
1   2   1
2   3   1
3   4   1
4   5   1
5   6   1
6   7   1
7   8   1
8   9   1
9   10   1
10   11   1
11   12   1
12   13   1
13   14   1
14   15   1
15   16   1
16   17   1
17   18   1
18   19   2
20   20   4
24   21   4
28   22   4
32   23   4
36   24   4
40   25   4
44   26   4
48   27   4
52   28   4
56   29   4
60   30   4
64   31   4
68   32   4
72   33   4
76   34   4
80   35   4
84   36   4
88   37   3
91   38   2
93   39   4
97   40   4
101   41   4
105   42   4
109   43   4
113   44   4
117   45   4
121   46   4
125   47   4
129   48   4
133   49   4
137   50   4
141   51   4
145   52   4
149   53   4
153   54   4
157   55   4
161   56   3
164   57   2
166   58   4
170   59   4
174   60   4
178   61   4
182   62   4
186   63   4
190   64   4
194   65   4
198   66   4
202   67   4
206   68   4
210   69   4
214   70   4
218   71   4
222   72   4
226   73   4
230   74   4
234   75   3
237   76   2
239   77   4
243   78   4
247   79   4
251   80   4
255   81   4
259   82   4
263   83   4
267   84   4
271   85   4
275   86   4
279   87   4
283   88   4
287   89   4
291   90   4
295   91   4
299   92   4
303   93   4
307   94   3
310   95   2
312   96   4
316   97   4
320   98   4
324   99   4
328   100   4
332   101   4
336   102   4
340   103   4
344   104   4
348   105   4
352   106   4
356   107   4
360   108   4
364   109   4
368   110   4
372   111   4
376   112   4
380   113   3
383   114   2
385   115   4
389   116   4
393   117   4
397   118   4
401   119   4
405   120   4
409   121   4
413   122   4
417   123   4
421   124   4
425   125   4
429   126   4
433   127   4
437   128   4
441   129   4
445   130   4
449   131   4
453   132   3
456   133   2
458   134   4
462   135   4
466   136   4
470   137   4
474   138   4
478   139   4
482   140   4
486   141   4
490   142   4
494   143   4
498   144   4
502   145   4
506   146   4
510   147   4
514   148   4
518   149   4
522   150   4
526   151   3
529   152   2
531   153   4
535   154   4
539   155   4
543   156   4
547   157   4
551   158   4
555   159   4
559   160   4
563   161   4
567   162   4
571   163   4
575   164   4
579   165   4
583   166   4
587   167   4
591   168   4
595   169   4
599   170   3
602   171   2
604   172   4
608   173   4
612   174   4
616   175   4
620   176   4
624   177   4
628   178   4
632   179   4
636   180   4
640   181   4
644   182   4
648   183   4
652   184   4
656   185   4
660   186   4
664   187   4
668   188   4
672   189   3
675   190   2
677   191   4
681   192   4
685   193   4
689   194   4
693   195   4
697   196   4
701   197   4
705   198   4
709   199   4
713   200   4
717   201   4
721   202   4
725   203   4
729   204   4
733   205   4
737   206   4
741   207   4
745   208   3
748   209   2
750   210   4
754   211   4
758   212   4
762   213   4
766   214   4
770   215   4
774   216   4
778   217   4
782   218   4
786   219   4
790   220   4
794   221   4
798   222   4
802   223   4
806   224   4
810   225   4
814   226   4
818   227   3
821   228   2
823   229   4
827   230   4
831   231   4
835   232   4
839   233   4
843   234   4
847   235   4
851   236   4
855   237   4
859   238   4
863   239   4
867   240   4
871   241   4
875   242   4
879   243   4
883   244   4
887   245   4
891   246   3
894   247   2
896   248   4
900   249   4
904   250   4
908   251   4
912   252   4
916   253   4
920   254   4
924   255   4
928   256   4
932   257   4
936   258   4
940   259   4
944   260   4
948   261   4
952   262   4
956   263   4
960   264   4
964   265   3
967   266   2
969   267   4
973   268   4
977   269   4
981   270   4
985   271   4
989   272   4
993   273   4
997   274   4
1001   275   4
1005   276   4
1009   277   4
1013   278   4
1017   279   4
1021   280   4
1025   281   4
1029   282   4
1033   283   4
1037   284   3
1040   285   2
1042   286   4
1046   287   4
1050   288   4
1054   289   4
1058   290   4
1062   291   4
1066   292   4
1070   293   4
1074   294   4
1078   295   4
1082   296   4
1086   297   4
1090   298   4
1094   299   4
1098   300   4
1102   301   4
1106   302   4
1110   303   3
1113   304   2
1115   305   4
1119   306   4
1123   307   4
1127   308   4
1131   309   4
1135   310   4
1139   311   4
1143   312   4
1147   313   4
1151   314   4
1155   315   4
1159   316   4
1163   317   4
1167   318   4
1171   319   4
1175   320   4
1179   321   4
1183   322   3
1186   323   2
1188   324   4
1192   325   4
1196   326   4
1200   327   4
1204   328   4
1208   329   4
1212   330   4
1216   331   4
1220   332   4
1224   333   4
1228   334   4
1232   335   4
1236   336   4
1240   337   4
1244   338   4
1248   339   4
1252   340   4
1256   341   3
1259   342   2
1261   343   4
1265   344   4
1269   345   4
1273   346   4
1277   347   4
1281   348   4
1285   349   4
1289   350   4
1293   351   4
1297   352   4
1301   353   4
1305   354   4
1309   355   4
1313   356   4
1317   357   4
1321   358   4
1325   359   4
1329   360   3
1332   361   2
1334   362   4
1338   363   4
1342   364   4
1346   365   4
1350   366   4
1354   367   4
1358   368   4
1362   369   4
1366   370   4
1370   371   4
1374   372   4
1378   373   4
1382   374   4
1386   375   4
1390   376   4
1394   377   4
1398   378   4
1402   379   3
1405   380   4
1409   381   7
1416   382   7
1423   383   7
1430   384   7
1437   385   7
1444   386   7
1451   387   7
1458   388   7
1465   389   7
1472   390   7
1479   391   7
1486   392   7
1493   393   7
1500   394   7
1507   395   7
1514   396   7
1521   397   7
1528   398   5
1533   399   8
1541   400   13
1554   401   13
1567   402   13
1580   403   13
1593   404   13
1606   405   13
1619   406   13
1632   407   13
1645   408   13
1658   409   13
1671   410   13
1684   411   13
1697   412   13
1710   413   13
1723   414   13
1736   415   13
1749   416   13
1762   417   9
1771   418   8
1779   419   13
1792   420   13
1805   421   13
1818   422   13
1831   423   13
1844   424   13
1857   425   13
1870   426   13
1883   427   13
1896   428   13
1909   429   13
1922   430   13
1935   431   13
1948   432   13
1961   433   13
1974   434   13
1987   435   13
2000   436   9
2009   437   8
2017   438   13
2030   439   13
2043   440   13
2056   441   13
2069   442   13
2082   443   13
2095   444   13
2108   445   13
2121   446   13
2134   447   13
2147   448   13
2160   449   13
2173   450   13
2186   451   13
2199   452   13
2212   453   13
2225   454   13
2238   455   9
2247   456   8
2255   457   13
2268   458   13
2281   459   13
2294   460   13
2307   461   13
2320   462   13
2333   463   13
2346   464   13
2359   465   13
2372   466   13
2385   467   13
2398   468   13
2411   469   13
2424   470   13
2437   471   13
2450   472   13
2463   473   13
2476   474   9
2485   475   8
2493   476   13
2506   477   13
2519   478   13
2532   479   13
2545   480   13
2558   481   13
2571   482   13
2584   483   13
2597   484   13
2610   485   13
2623   486   13
2636   487   13
2649   488   13
2662   489   13
2675   490   13
2688   491   13
2701   492   13
2714   493   9
2723   494   8
2731   495   13
2744   496   13
2757   497   13
2770   498   13
2783   499   13
2796   500   13
2809   501   13
2822   502   13
2835   503   13
2848   504   13
2861   505   13
2874   506   13
2887   507   13
2900   508   13
2913   509   13
2926   510   13
2939   511   13
2952   512   9
2961   513   8
2969   514   13
2982   515   13
2995   516   13
3008   517   13
3021   518   13
3034   519   13
3047   520   13
3060   521   13
3073   522   13
3086   523   13
3099   524   13
3112   525   13
3125   526   13
3138   527   13
3151   528   13
3164   529   13
3177   530   13
3190   531   9
3199   532   8
3207   533   13
3220   534   13
3233   535   13
3246   536   13
3259   537   13
3272   538   13
3285   539   13
3298   540   13
3311   541   13
3324   542   13
3337   543   13
3350   544   13
3363   545   13
3376   546   13
3389   547   13
3402   548   13
3415   549   13
3428   550   9
3437   551   8
3445   552   13
3458   553   13
3471   554   13
3484   555   13
3497   556   13
3510   557   13
3523   558   13
3536   559   13
3549   560   13
3562   561   13
3575   562   13
3588   563   13
3601   564   13
3614   565   13
3627   566   13
3640   567   13
3653   568   13
3666   569   9
3675   570   8
3683   571   13
3696   572   13
3709   573   13
3722   574   13
3735   575   13
3748   576   13
3761   577   13
3774   578   13
3787   579   13
3800   580   13
3813   581   13
3826   582   13
3839   583   13
3852   584   13
3865   585   13
3878   586   13
3891   587   13
3904   588   9
3913   589   8
3921   590   13
3934   591   13
3947   592   13
3960   593   13
3973   594   13
3986   595   13
3999   596   13
4012   597   13
4025   598   13
4038   599   13
4051   600   13
4064   601   13
4077   602   13
4090   603   13
4103   604   13
4116   605   13
4129   606   13
4142   607   9
4151   608   8
4159   609   13
4172   610   13
4185   611   13
4198   612   13
4211   613   13
4224   614   13
4237   615   13
4250   616   13
4263   617   13
4276   618   13
4289   619   13
4302   620   13
4315   621   13
4328   622   13
4341   623   13
4354   624   13
4367   625   13
4380   626   9
4389   627   8
4397   628   13
4410   629   13
4423   630   13
4436   631   13
4449   632   13
4462   633   13
4475   634   13
4488   635   13
4501   636   13
4514   637   13
4527   638   13
4540   639   13
4553   640   13
4566   641   13
4579   642   13
4592   643   13
4605   644   13
4618   645   9
4627   646   8
4635   647   13
4648   648   13
4661   649   13
4674   650   13
4687   651   13
4700   652   13
4713   653   13
4726   654   13
4739   655   13
4752   656   13
4765   657   13
4778   658   13
4791   659   13
4804   660   13
4817   661   13
4830   662   13
4843   663   13
4856   664   9
4865   665   8
4873   666   13
4886   667   13
4899   668   13
4912   669   13
4925   670   13
4938   671   13
4951   672   13
4964   673   13
4977   674   13
4990   675   13
5003   676   13
5016   677   13
5029   678   13
5042   679   13
5055   680   13
5068   681   13
5081   682   13
5094   683   9
5103   684   8
5111   685   13
5124   686   13
5137   687   13
5150   688   13
5163   689   13
5176   690   13
5189   691   13
5202   692   13
5215   693   13
5228   694   13
5241   695   13
5254   696   13
5267   697   13
5280   698   13
5293   699   13
5306   700   13
5319   701   13
5332   702   9
5341   703   8
5349   704   13
5362   705   13
5375   706   13
5388   707   13
5401   708   13
5414   709   13
5427   710   13
5440   711   13
5453   712   13
5466   713   13
5479   714   13
5492   715   13
5505   716   13
5518   717   13
5531   718   13
5544   719   13
5557   720   13
5570   721   9
5579   722   8
5587   723   13
5600   724   13
5613   725   13
5626   726   13
5639   727   13
5652   728   13
5665   729   13
5678   730   13
5691   731   13
5704   732   13
5717   733   13
5730   734   13
5743   735   13
5756   736   13
5769   737   13
5782   738   13
5795   739   13
5808   740   9
5817   741   6
5823   742   10
5833   743   10
5843   744   10
5853   745   10
5863   746   10
5873   747   10
5883   748   10
5893   749   10
5903   750   10
5913   751   10
5923   752   10
5933   753   10
5943   754   10
5953   755   10
5963   756   10
5973   757   10
5983   758   10
5993   759   7
6000   760   4
6004   761   7
6011   762   7
6018   763   7
6025   764   7
6032   765   7
6039   766   7
6046   767   7
6053   768   7
6060   769   7
6067   770   7
6074   771   7
6081   772   7
6088   773   7
6095   774   7
6102   775   7
6109   776   7
6116   777   7
6123   778   5
6128   779   8
6136   780   13
6149   781   13
6162   782   13
6175   783   13
6188   784   13
6201   785   13
6214   786   13
6227   787   13
6240   788   13
6253   789   13
6266   790   13
6279   791   13
6292   792   13
6305   793   13
6318   794   13
6331   795   13
6344   796   13
6357   797   9
6366   798   8
6374   799   13
6387   800   13
6400   801   13
6413   802   13
6426   803   13
6439   804   13
6452   805   13
6465   806   13
6478   807   13
6491   808   13
6504   809   13
6517   810   13
6530   811   13
6543   812   13
6556   813   13
6569   814   13
6582   815   13
6595   816   9
6604   817   8
6612   818   13
6625   819   13
6638   820   13
6651   821   13
6664   822   13
6677   823   13
6690   824   13
6703   825   13
6716   826   13
6729   827   13
6742   828   13
6755   829   13
6768   830   13
6781   831   13
6794   832   13
6807   833   13
6820   834   13
6833   835   9
6842   836   8
6850   837   13
6863   838   13
6876   839   13
6889   840   13
6902   841   13
6915   842   13
6928   843   13
6941   844   13
6954   845   13
6967   846   13
6980   847   13
6993   848   13
7006   849   13
7019   850   13
7032   851   13
7045   852   13
7058   853   13
7071   854   9
7080   855   8
7088   856   13
7101   857   13
7114   858   13
7127   859   13
7140   860   13
7153   861   13
7166   862   13
7179   863   13
7192   864   13
7205   865   13
7218   866   13
7231   867   13
7244   868   13
7257   869   13
7270   870   13
7283   871   13
7296   872   13
7309   873   9
7318   874   8
7326   875   13
7339   876   13
7352   877   13
7365   878   13
7378   879   13
7391   880   13
7404   881   13
7417   882   13
7430   883   13
7443   884   13
7456   885   13
7469   886   13
7482   887   13
7495   888   13
7508   889   13
7521   890   13
7534   891   13
7547   892   9
7556   893   8
7564   894   13
7577   895   13
7590   896   13
7603   897   13
7616   898   13
7629   899   13
7642   900   13
7655   901   13
7668   902   13
7681   903   13
7694   904   13
7707   905   13
7720   906   13
7733   907   13
7746   908   13
7759   909   13
7772   910   13
7785   911   9
7794   912   8
7802   913   13
7815   914   13
7828   915   13
7841   916   13
7854   917   13
7867   918   13
7880   919   13
7893   920   13
7906   921   13
7919   922   13
7932   923   13
7945   924   13
7958   925   13
7971   926   13
7984   927   13
7997   928   13
8010   929   13
8023   930   9
8032   931   8
8040   932   13
8053   933   13
8066   934   13
8079   935   13
8092   936   13
8105   937   13
8118   938   13
8131   939   13
8144   940   13
8157   941   13
8170   942   13
8183   943   13
8196   944   13
8209   945   13
8222   946   13
8235   947   13
8248   948   13
8261   949   9
8270   950   8
8278   951   13
8291   952   13
8304   953   13
8317   954   13
8330   955   13
8343   956   13
8356   957   13
8369   958   13
8382   959   13
8395   960   13
8408   961   13
8421   962   13
8434   963   13
8447   964   13
8460   965   13
8473   966   13
8486   967   13
8499   968   9
8508   969   8
8516   970   13
8529   971   13
8542   972   13
8555   973   13
8568   974   13
8581   975   13
8594   976   13
8607   977   13
8620   978   13
8633   979   13
8646   980   13
8659   981   13
8672   982   13
8685   983   13
8698   984   13
8711   985   13
8724   986   13
8737   987   9
8746   988   8
8754   989   13
8767   990   13
8780   991   13
8793   992   13
8806   993   13
8819   994   13
8832   995   13
8845   996   13
8858   997   13
8871   998   13
8884   999   13
8897   1000   13
8910   1001   13
8923   1002   13
8936   1003   13
8949   1004   13
8962   1005   13
8975   1006   9
8984   1007   8
8992   1008   13
9005   1009   13
9018   1010   13
9031   1011   13
9044   1012   13
9057   1013   13
9070   1014   13
9083   1015   13
9096   1016   13
9109   1017   13
9122   1018   13
9135   1019   13
9148   1020   13
9161   1021   13
9174   1022   13
9187   1023   13
9200   1024   13
9213   1025   9
9222   1026   8
9230   1027   13
9243   1028   13
9256   1029   13
9269   1030   13
9282   1031   13
9295   1032   13
9308   1033   13
9321   1034   13
9334   1035   13
9347   1036   13
9360   1037   13
9373   1038   13
9386   1039   13
9399   1040   13
9412   1041   13
9425   1042   13
9438   1043   13
9451   1044   9
9460   1045   8
9468   1046   13
9481   1047   13
9494   1048   13
9507   1049   13
9520   1050   13
9533   1051   13
9546   1052   13
9559   1053   13
9572   1054   13
9585   1055   13
9598   1056   13
9611   1057   13
9624   1058   13
9637   1059   13
9650   1060   13
9663   1061   13
9676   1062   13
9689   1063   9
9698   1064   8
9706   1065   13
9719   1066   13
9732   1067   13
9745   1068   13
9758   1069   13
9771   1070   13
9784   1071   13
9797   1072   13
9810   1073   13
9823   1074   13
9836   1075   13
9849   1076   13
9862   1077   13
9875   1078   13
9888   1079   13
9901   1080   13
9914   1081   13
9927   1082   9
9936   1083   8
9944   1084   13
9957   1085   13
9970   1086   13
9983   1087   13
9996   1088   13
10009   1089   13
10022   1090   13
10035   1091   13
10048   1092   13
10061   1093   13
10074   1094   13
10087   1095   13
10100   1096   13
10113   1097   13
10126   1098   13
10139   1099   13
10152   1100   13
10165   1101   9
10174   1102   8
10182   1103   13
10195   1104   13
10208   1105   13
10221   1106   13
10234   1107   13
10247   1108   13
10260   1109   13
10273   1110   13
10286   1111   13
10299   1112   13
10312   1113   13
10325   1114   13
10338   1115   13
10351   1116   13
10364   1117   13
10377   1118   13
10390   1119   13
10403   1120   9
10412   1121   6
10418   1122   10
10428   1123   10
10438   1124   10
10448   1125   10
10458   1126   10
10468   1127   10
10478   1128   10
10488   1129   10
10498   1130   10
10508   1131   10
10518   1132   10
10528   1133   10
10538   1134   10
10548   1135   10
10558   1136   10
10568   1137   10
10578   1138   10
10588   1139   7
10595   1140   4
10599   1141   7
10606   1142   7
10613   1143   7
10620   1144   7
10627   1145   7
10634   1146   7
10641   1147   7
10648   1148   7
10655   1149   7
10662   1150   7
10669   1151   7
10676   1152   7
10683   1153   7
10690   1154   7
10697   1155   7
10704   1156   7
10711   1157   7
10718   1158   5
10723   1159   8
10731   1160   13
10744   1161   13
10757   1162   13
10770   1163   13
10783   1164   13
10796   1165   13
10809   1166   13
10822   1167   13
10835   1168   13
10848   1169   13
10861   1170   13
10874   1171   13
10887   1172   13
10900   1173   13
10913   1174   13
10926   1175   13
10939   1176   13
10952   1177   9
10961   1178   8
10969   1179   13
10982   1180   13
10995   1181   13
11008   1182   13
11021   1183   13
11034   1184   13
11047   1185   13
11060   1186   13
11073   1187   13
11086   1188   13
11099   1189   13
11112   1190   13
11125   1191   13
11138   1192   13
11151   1193   13
11164   1194   13
11177   1195   13
11190   1196   9
11199   1197   8
11207   1198   13
11220   1199   13
11233   1200   13
11246   1201   13
11259   1202   13
11272   1203   13
11285   1204   13
11298   1205   13
11311   1206   13
11324   1207   13
11337   1208   13
11350   1209   13
11363   1210   13
11376   1211   13
11389   1212   13
11402   1213   13
11415   1214   13
11428   1215   9
11437   1216   8
11445   1217   13
11458   1218   13
11471   1219   13
11484   1220   13
11497   1221   13
11510   1222   13
11523   1223   13
11536   1224   13
11549   1225   13
11562   1226   13
11575   1227   13
11588   1228   13
11601   1229   13
11614   1230   13
11627   1231   13
11640   1232   13
11653   1233   13
11666   1234   9
11675   1235   8
11683   1236   13
11696   1237   13
11709   1238   13
11722   1239   13
11735   1240   13
11748   1241   13
11761   1242   13
11774   1243   13
11787   1244   13
11800   1245   13
11813   1246   13
11826   1247   13
11839   1248   13
11852   1249   13
11865   1250   13
11878   1251   13
11891   1252   13
11904   1253   9
11913   1254   8
11921   1255   13
11934   1256   13
11947   1257   13
11960   1258   13
11973   1259   13
11986   1260   13
11999   1261   13
12012   1262   13
12025   1263   13
12038   1264   13
12051   1265   13
12064   1266   13
12077   1267   13
12090   1268   13
12103   1269   13
12116   1270   13
12129   1271   13
12142   1272   9
12151   1273   8
12159   1274   13
12172   1275   13
12185   1276   13
12198   1277   13
12211   1278   13
12224   1279   13
12237   1280   13
12250   1281   13
12263   1282   13
12276   1283   13
12289   1284   13
12302   1285   13
12315   1286   13
12328   1287   13
12341   1288   13
12354   1289   13
12367   1290   13
12380   1291   9
12389   1292   8
12397   1293   13
12410   1294   13
12423   1295   13
12436   1296   13
12449   1297   13
12462   1298   13
12475   1299   13
12488   1300   13
12501   1301   13
12514   1302   13
12527   1303   13
12540   1304   13
12553   1305   13
12566   1306   13
12579   1307   13
12592   1308   13
12605   1309   13
12618   1310   9
12627   1311   8
12635   1312   13
12648   1313   13
12661   1314   13
12674   1315   13
12687   1316   13
12700   1317   13
12713   1318   13
12726   1319   13
12739   1320   13
12752   1321   13
12765   1322   13
12778   1323   13
12791   1324   13
12804   1325   13
12817   1326   13
12830   1327   13
12843   1328   13
12856   1329   9
12865   1330   8
12873   1331   13
12886   1332   13
12899   1333   13
12912   1334   13
12925   1335   13
12938   1336   13
12951   1337   13
12964   1338   13
12977   1339   13
12990   1340   13
13003   1341   13
13016   1342   13
13029   1343   13
13042   1344   13
13055   1345   13
13068   1346   13
13081   1347   13
13094   1348   9
13103   1349   8
13111   1350   13
13124   1351   13
13137   1352   13
13150   1353   13
13163   1354   13
13176   1355   13
13189   1356   13
13202   1357   13
13215   1358   13
13228   1359   13
13241   1360   13
13254   1361   13
13267   1362   13
13280   1363   13
13293   1364   13
13306   1365   13
13319   1366   13
13332   1367   9
13341   1368   8
13349   1369   13
13362   1370   13
13375   1371   13
13388   1372   13
13401   1373   13
13414   1374   13
13427   1375   13
13440   1376   13
13453   1377   13
13466   1378   13
13479   1379   13
13492   1380   13
13505   1381   13
13518   1382   13
13531   1383   13
13544   1384   13
13557   1385   13
13570   1386   9
13579   1387   8
13587   1388   13
13600   1389   13
13613   1390   13
13626   1391   13
13639   1392   13
13652   1393   13
13665   1394   13
13678   1395   13
13691   1396   13
13704   1397   13
13717   1398   13
13730   1399   13
13743   1400   13
13756   1401   13
13769   1402   13
13782   1403   13
13795   1404   13
13808   1405   9
13817   1406   8
13825   1407   13
13838   1408   13
13851   1409   13
13864   1410   13
13877   1411   13
13890   1412   13
13903   1413   13
13916   1414   13
13929   1415   13
13942   1416   13
13955   1417   13
13968   1418   13
13981   1419   13
13994   1420   13
14007   1421   13
14020   1422   13
14033   1423   13
14046   1424   9
14055   1425   8
14063   1426   13
14076   1427   13
14089   1428   13
14102   1429   13
14115   1430   13
14128   1431   13
14141   1432   13
14154   1433   13
14167   1434   13
14180   1435   13
14193   1436   13
14206   1437   13
14219   1438   13
14232   1439   13
14245   1440   13
14258   1441   13
14271   1442   13
14284   1443   9
14293   1444   8
14301   1445   13
14314   1446   13
14327   1447   13
14340   1448   13
14353   1449   13
14366   1450   13
14379   1451   13
14392   1452   13
14405   1453   13
14418   1454   13
14431   1455   13
14444   1456   13
14457   1457   13
14470   1458   13
14483   1459   13
14496   1460   13
14509   1461   13
14522   1462   9
14531   1463   8
14539   1464   13
14552   1465   13
14565   1466   13
14578   1467   13
14591   1468   13
14604   1469   13
14617   1470   13
14630   1471   13
14643   1472   13
14656   1473   13
14669   1474   13
14682   1475   13
14695   1476   13
14708   1477   13
14721   1478   13
14734   1479   13
14747   1480   13
14760   1481   9
14769   1482   8
14777   1483   13
14790   1484   13
14803   1485   13
14816   1486   13
14829   1487   13
14842   1488   13
14855   1489   13
14868   1490   13
14881   1491   13
14894   1492   13
14907   1493   13
14920   1494   13
14933   1495   13
14946   1496   13
14959   1497   13
14972   1498   13
14985   1499   13
14998   1500   9
15007   1501   6
15013   1502   10
15023   1503   10
15033   1504   10
15043   1505   10
15053   1506   10
15063   1507   10
15073   1508   10
15083   1509   10
15093   1510   10
15103   1511   10
15113   1512   10
15123   1513   10
15133   1514   10
15143   1515   10
15153   1516   10
15163   1517   10
15173   1518   10
15183   1519   7
15190   1520   4
15194   1521   7
15201   1522   7
15208   1523   7
15215   1524   7
15222   1525   7
15229   1526   7
15236   1527   7
15243   1528   7
15250   1529   7
15257   1530   7
15264   1531   7
15271   1532   7
15278   1533   7
15285   1534   7
15292   1535   7
15299   1536   7
15306   1537   7
15313   1538   5
15318   1539   8
15326   1540   13
15339   1541   13
15352   1542   13
15365   1543   13
15378   1544   13
15391   1545   13
15404   1546   13
15417   1547   13
15430   1548   13
15443   1549   13
15456   1550   13
15469   1551   13
15482   1552   13
15495   1553   13
15508   1554   13
15521   1555   13
15534   1556   13
15547   1557   9
15556   1558   8
15564   1559   13
15577   1560   13
15590   1561   13
15603   1562   13
15616   1563   13
15629   1564   13
15642   1565   13
15655   1566   13
15668   1567   13
15681   1568   13
15694   1569   13
15707   1570   13
15720   1571   13
15733   1572   13
15746   1573   13
15759   1574   13
15772   1575   13
15785   1576   9
15794   1577   8
15802   1578   13
15815   1579   13
15828   1580   13
15841   1581   13
15854   1582   13
15867   1583   13
15880   1584   13
15893   1585   13
15906   1586   13
15919   1587   13
15932   1588   13
15945   1589   13
15958   1590   13
15971   1591   13
15984   1592   13
15997   1593   13
16010   1594   13
16023   1595   9
16032   1596   8
16040   1597   13
16053   1598   13
16066   1599   13
16079   1600   13
16092   1601   13
16105   1602   13
16118   1603   13
16131   1604   13
16144   1605   13
16157   1606   13
16170   1607   13
16183   1608   13
16196   1609   13
16209   1610   13
16222   1611   13
16235   1612   13
16248   1613   13
16261   1614   9
16270   1615   8
16278   1616   13
16291   1617   13
16304   1618   13
16317   1619   13
16330   1620   13
16343   1621   13
16356   1622   13
16369   1623   13
16382   1624   13
16395   1625   13
16408   1626   13
16421   1627   13
16434   1628   13
16447   1629   13
16460   1630   13
16473   1631   13
16486   1632   13
16499   1633   9
16508   1634   8
16516   1635   13
16529   1636   13
16542   1637   13
16555   1638   13
16568   1639   13
16581   1640   13
16594   1641   13
16607   1642   13
16620   1643   13
16633   1644   13
16646   1645   13
16659   1646   13
16672   1647   13
16685   1648   13
16698   1649   13
16711   1650   13
16724   1651   13
16737   1652   9
16746   1653   8
16754   1654   13
16767   1655   13
16780   1656   13
16793   1657   13
16806   1658   13
16819   1659   13
16832   1660   13
16845   1661   13
16858   1662   13
16871   1663   13
16884   1664   13
16897   1665   13
16910   1666   13
16923   1667   13
16936   1668   13
16949   1669   13
16962   1670   13
16975   1671   9
16984   1672   8
16992   1673   13
17005   1674   13
17018   1675   13
17031   1676   13
17044   1677   13
17057   1678   13
17070   1679   13
17083   1680   13
17096   1681   13
17109   1682   13
17122   1683   13
17135   1684   13
17148   1685   13
17161   1686   13
17174   1687   13
17187   1688   13
17200   1689   13
17213   1690   9
17222   1691   8
17230   1692   13
17243   1693   13
17256   1694   13
17269   1695   13
17282   1696   13
17295   1697   13
17308   1698   13
17321   1699   13
17334   1700   13
17347   1701   13
17360   1702   13
17373   1703   13
17386   1704   13
17399   1705   13
17412   1706   13
17425   1707   13
17438   1708   13
17451   1709   9
17460   1710   8
17468   1711   13
17481   1712   13
17494   1713   13
17507   1714   13
17520   1715   13
17533   1716   13
17546   1717   13
17559   1718   13
17572   1719   13
17585   1720   13
17598   1721   13
17611   1722   13
17624   1723   13
17637   1724   13
17650   1725   13
17663   1726   13
17676   1727   13
17689   1728   9
17698   1729   8
17706   1730   13
17719   1731   13
17732   1732   13
17745   1733   13
17758   1734   13
17771   1735   13
17784   1736   13
17797   1737   13
17810   1738   13
17823   1739   13
17836   1740   13
17849   1741   13
17862   1742   13
17875   1743   13
17888   1744   13
17901   1745   13
17914   1746   13
17927   1747   9
17936   1748   8
17944   1749   13
17957   1750   13
17970   1751   13
17983   1752   13
17996   1753   13
18009   1754   13
18022   1755   13
18035   1756   13
18048   1757   13
18061   1758   13
18074   1759   13
18087   1760   13
18100   1761   13
18113   1762   13
18126   1763   13
18139   1764   13
18152   1765   13
18165   1766   9
18174   1767   8
18182   1768   13
18195   1769   13
18208   1770   13
18221   1771   13
18234   1772   13
18247   1773   13
18260   1774   13
18273   1775   13
18286   1776   13
18299   1777   13
18312   1778   13
18325   1779   13
18338   1780   13
18351   1781   13
18364   1782   13
18377   1783   13
18390   1784   13
18403   1785   9
18412   1786   8
18420   1787   13
18433   1788   13
18446   1789   13
18459   1790   13
18472   1791   13
18485   1792   13
18498   1793   13
18511   1794   13
18524   1795   13
18537   1796   13
18550   1797   13
18563   1798   13
18576   1799   13
18589   1800   13
18602   1801   13
18615   1802   13
18628   1803   13
18641   1804   9
18650   1805   8
18658   1806   13
18671   1807   13
18684   1808   13
18697   1809   13
18710   1810   13
18723   1811   13
18736   1812   13
18749   1813   13
18762   1814   13
18775   1815   13
18788   1816   13
18801   1817   13
18814   1818   13
18827   1819   13
18840   1820   13
18853   1821   13
18866   1822   13
18879   1823   9
18888   1824   8
18896   1825   13
18909   1826   13
18922   1827   13
18935   1828   13
18948   1829   13
18961   1830   13
18974   1831   13
18987   1832   13
19000   1833   13
19013   1834   13
19026   1835   13
19039   1836   13
19052   1837   13
19065   1838   13
19078   1839   13
19091   1840   13
19104   1841   13
19117   1842   9
19126   1843   8
19134   1844   13
19147   1845   13
19160   1846   13
19173   1847   13
19186   1848   13
19199   1849   13
19212   1850   13
19225   1851   13
19238   1852   13
19251   1853   13
19264   1854   13
19277   1855   13
19290   1856   13
19303   1857   13
19316   1858   13
19329   1859   13
19342   1860   13
19355   1861   9
19364   1862   8
19372   1863   13
19385   1864   13
19398   1865   13
19411   1866   13
19424   1867   13
19437   1868   13
19450   1869   13
19463   1870   13
19476   1871   13
19489   1872   13
19502   1873   13
19515   1874   13
19528   1875   13
19541   1876   13
19554   1877   13
19567   1878   13
19580   1879   13
19593   1880   9
19602   1881   6
19608   1882   10
19618   1883   10
19628   1884   10
19638   1885   10
19648   1886   10
19658   1887   10
19668   1888   10
19678   1889   10
19688   1890   10
19698   1891   10
19708   1892   10
19718   1893   10
19728   1894   10
19738   1895   10
19748   1896   10
19758   1897   10
19768   1898   10
19778   1899   7
19785   1900   4
19789   1901   7
19796   1902   7
19803   1903   7
19810   1904   7
19817   1905   7
19824   1906   7
19831   1907   7
19838   1908   7
19845   1909   7
19852   1910   7
19859   1911   7
19866   1912   7
19873   1913   7
19880   1914   7
19887   1915   7
19894   1916   7
19901   1917   7
19908   1918   5
19913   1919   8
19921   1920   13
19934   1921   13
19947   1922   13
19960   1923   13
19973   1924   13
19986   1925   13
19999   1926   13
20012   1927   13
20025   1928   13
20038   1929   13
20051   1930   13
20064   1931   13
20077   1932   13
20090   1933   13
20103   1934   13
20116   1935   13
20129   1936   13
20142   1937   9
20151   1938   8
20159   1939   13
20172   1940   13
20185   1941   13
20198   1942   13
20211   1943   13
20224   1944   13
20237   1945   13
20250   1946   13
20263   1947   13
20276   1948   13
20289   1949   13
20302   1950   13
20315   1951   13
20328   1952   13
20341   1953   13
20354   1954   13
20367   1955   13
20380   1956   9
20389   1957   8
20397   1958   13
20410   1959   13
20423   1960   13
20436   1961   13
20449   1962   13
20462   1963   13
20475   1964   13
20488   1965   13
20501   1966   13
20514   1967   13
20527   1968   13
20540   1969   13
20553   1970   13
20566   1971   13
20579   1972   13
20592   1973   13
20605   1974   13
20618   1975   9
20627   1976   8
20635   1977   13
20648   1978   13
20661   1979   13
20674   1980   13
20687   1981   13
20700   1982   13
20713   1983   13
20726   1984   13
20739   1985   13
20752   1986   13
20765   1987   13
20778   1988   13
20791   1989   13
20804   1990   13
20817   1991   13
20830   1992   13
20843   1993   13
20856   1994   9
20865   1995   8
20873   1996   13
20886   1997   13
20899   1998   13
20912   1999   13
20925   2000   13
20938   2001   13
20951   2002   13
20964   2003   13
20977   2004   13
20990   2005   13
21003   2006   13
21016   2007   13
21029   2008   13
21042   2009   13
21055   2010   13
21068   2011   13
21081   2012   13
21094   2013   9
21103   2014   8
21111   2015   13
21124   2016   13
21137   2017   13
21150   2018   13
21163   2019   13
21176   2020   13
21189   2021   13
21202   2022   13
21215   2023   13
21228   2024   13
21241   2025   13
21254   2026   13
21267   2027   13
21280   2028   13
21293   2029   13
21306   2030   13
21319   2031   13
21332   2032   9
21341   2033   8
21349   2034   13
21362   2035   13
21375   2036   13
21388   2037   13
21401   2038   13
21414   2039   13
21427   2040   13
21440   2041   13
21453   2042   13
21466   2043   13
21479   2044   13
21492   2045   13
21505   2046   13
21518   2047   13
21531   2048   13
21544   2049   13
21557   2050   13
21570   2051   9
21579   2052   8
21587   2053   13
21600   2054   13
21613   2055   13
21626   2056   13
21639   2057   13
21652   2058   13
21665   2059   13
21678   2060   13
21691   2061   13
21704   2062   13
21717   2063   13
21730   2064   13
21743   2065   13
21756   2066   13
21769   2067   13
21782   2068   13
21795   2069   13
21808   2070   9
21817   2071   8
21825   2072   13
21838   2073   13
21851   2074   13
21864   2075   13
21877   2076   13
21890   2077   13
21903   2078   13
21916   2079   13
21929   2080   13
21942   2081   13
21955   2082   13
21968   2083   13
21981   2084   13
21994   2085   13
22007   2086   13
22020   2087   13
22033   2088   13
22046   2089   9
22055   2090   8
22063   2091   13
22076   2092   13
22089   2093   13
22102   2094   13
22115   2095   13
22128   2096   13
22141   2097   13
22154   2098   13
22167   2099   13
22180   2100   13
22193   2101   13
22206   2102   13
22219   2103   13
22232   2104   13
22245   2105   13
22258   2106   13
22271   2107   13
22284   2108   9
22293   2109   8
22301   2110   13
22314   2111   13
22327   2112   13
22340   2113   13
22353   2114   13
22366   2115   13
22379   2116   13
22392   2117   13
22405   2118   13
22418   2119   13
22431   2120   13
22444   2121   13
22457   2122   13
22470   2123   13
22483   2124   13
22496   2125   13
22509   2126   13
22522   2127   9
22531   2128   8
22539   2129   13
22552   2130   13
22565   2131   13
22578   2132   13
22591   2133   13
22604   2134   13
22617   2135   13
22630   2136   13
22643   2137   13
22656   2138   13
22669   2139   13
22682   2140   13
22695   2141   13
22708   2142   13
22721   2143   13
22734   2144   13
22747   2145   13
22760   2146   9
22769   2147   8
22777   2148   13
22790   2149   13
22803   2150   13
22816   2151   13
22829   2152   13
22842   2153   13
22855   2154   13
22868   2155   13
22881   2156   13
22894   2157   13
22907   2158   13
22920   2159   13
22933   2160   13
22946   2161   13
22959   2162   13
22972   2163   13
22985   2164   13
22998   2165   9
23007   2166   8
23015   2167   13
23028   2168   13
23041   2169   13
23054   2170   13
23067   2171   13
23080   2172   13
23093   2173   13
23106   2174   13
23119   2175   13
23132   2176   13
23145   2177   13
23158   2178   13
23171   2179   13
23184   2180   13
23197   2181   13
23210   2182   13
23223   2183   13
23236   2184   9
23245   2185   8
23253   2186   13
23266   2187   13
23279   2188   13
23292   2189   13
23305   2190   13
23318   2191   13
23331   2192   13
23344   2193   13
23357   2194   13
23370   2195   13
23383   2196   13
23396   2197   13
23409   2198   13
23422   2199   13
23435   2200   13
23448   2201   13
23461   2202   13
23474   2203   9
23483   2204   8
23491   2205   13
23504   2206   13
23517   2207   13
23530   2208   13
23543   2209   13
23556   2210   13
23569   2211   13
23582   2212   13
23595   2213   13
23608   2214   13
23621   2215   13
23634   2216   13
23647   2217   13
23660   2218   13
23673   2219   13
23686   2220   13
23699   2221   13
23712   2222   9
23721   2223   8
23729   2224   13
23742   2225   13
23755   2226   13
23768   2227   13
23781   2228   13
23794   2229   13
23807   2230   13
23820   2231   13
23833   2232   13
23846   2233   13
23859   2234   13
23872   2235   13
23885   2236   13
23898   2237   13
23911   2238   13
23924   2239   13
23937   2240   13
23950   2241   9
23959   2242   8
23967   2243   13
23980   2244   13
23993   2245   13
24006   2246   13
24019   2247   13
24032   2248   13
24045   2249   13
24058   2250   13
24071   2251   13
24084   2252   13
24097   2253   13
24110   2254   13
24123   2255   13
24136   2256   13
24149   2257   13
24162   2258   13
24175   2259   13
24188   2260   9
24197   2261   6
24203   2262   10
24213   2263   10
24223   2264   10
24233   2265   10
24243   2266   10
24253   2267   10
24263   2268   10
24273   2269   10
24283   2270   10
24293   2271   10
24303   2272   10
24313   2273   10
24323   2274   10
24333   2275   10
24343   2276   10
24353   2277   10
24363   2278   10
24373   2279   7
24380   2280   4
24384   2281   7
24391   2282   7
24398   2283   7
24405   2284   7
24412   2285   7
24419   2286   7
24426   2287   7
24433   2288   7
24440   2289   7
24447   2290   7
24454   2291   7
24461   2292   7
24468   2293   7
24475   2294   7
24482   2295   7
24489   2296   7
24496   2297   7
24503   2298   5
24508   2299   8
24516   2300   13
24529   2301   13
24542   2302   13
24555   2303   13
24568   2304   13
24581   2305   13
24594   2306   13
24607   2307   13
24620   2308   13
24633   2309   13
24646   2310   13
24659   2311   13
24672   2312   13
24685   2313   13
24698   2314   13
24711   2315   13
24724   2316   13
24737   2317   9
24746   2318   8
24754   2319   13
24767   2320   13
24780   2321   13
24793   2322   13
24806   2323   13
24819   2324   13
24832   2325   13
24845   2326   13
24858   2327   13
24871   2328   13
24884   2329   13
24897   2330   13
24910   2331   13
24923   2332   13
24936   2333   13
24949   2334   13
24962   2335   13
24975   2336   9
24984   2337   8
24992   2338   13
25005   2339   13
25018   2340   13
25031   2341   13
25044   2342   13
25057   2343   13
25070   2344   13
25083   2345   13
25096   2346   13
25109   2347   13
25122   2348   13
25135   2349   13
25148   2350   13
25161   2351   13
25174   2352   13
25187   2353   13
25200   2354   13
25213   2355   9
25222   2356   8
25230   2357   13
25243   2358   13
25256   2359   13
25269   2360   13
25282   2361   13
25295   2362   13
25308   2363   13
25321   2364   13
25334   2365   13
25347   2366   13
25360   2367   13
25373   2368   13
25386   2369   13
25399   2370   13
25412   2371   13
25425   2372   13
25438   2373   13
25451   2374   9
25460   2375   8
25468   2376   13
25481   2377   13
25494   2378   13
25507   2379   13
25520   2380   13
25533   2381   13
25546   2382   13
25559   2383   13
25572   2384   13
25585   2385   13
25598   2386   13
25611   2387   13
25624   2388   13
25637   2389   13
25650   2390   13
25663   2391   13
25676   2392   13
25689   2393   9
25698   2394   8
25706   2395   13
25719   2396   13
25732   2397   13
25745   2398   13
25758   2399   13
25771   2400   13
25784   2401   13
25797   2402   13
25810   2403   13
25823   2404   13
25836   2405   13
25849   2406   13
25862   2407   13
25875   2408   13
25888   2409   13
25901   2410   13
25914   2411   13
25927   2412   9
25936   2413   8
25944   2414   13
25957   2415   13
25970   2416   13
25983   2417   13
25996   2418   13
26009   2419   13
26022   2420   13
26035   2421   13
26048   2422   13
26061   2423   13
26074   2424   13
26087   2425   13
26100   2426   13
26113   2427   13
26126   2428   13
26139   2429   13
26152   2430   13
26165   2431   9
26174   2432   8
26182   2433   13
26195   2434   13
26208   2435   13
26221   2436   13
26234   2437   13
26247   2438   13
26260   2439   13
26273   2440   13
26286   2441   13
26299   2442   13
26312   2443   13
26325   2444   13
26338   2445   13
26351   2446   13
26364   2447   13
26377   2448   13
26390   2449   13
26403   2450   9
26412   2451   8
26420   2452   13
26433   2453   13
26446   2454   13
26459   2455   13
26472   2456   13
26485   2457   13
26498   2458   13
26511   2459   13
26524   2460   13
26537   2461   13
26550   2462   13
26563   2463   13
26576   2464   13
26589   2465   13
26602   2466   13
26615   2467   13
26628   2468   13
26641   2469   9
26650   2470   8
26658   2471   13
26671   2472   13
26684   2473   13
26697   2474   13
26710   2475   13
26723   2476   13
26736   2477   13
26749   2478   13
26762   2479   13
26775   2480   13
26788   2481   13
26801   2482   13
26814   2483   13
26827   2484   13
26840   2485   13
26853   2486   13
26866   2487   13
26879   2488   9
26888   2489   8
26896   2490   13
26909   2491   13
26922   2492   13
26935   2493   13
26948   2494   13
26961   2495   13
26974   2496   13
26987   2497   13
27000   2498   13
27013   2499   13
27026   2500   13
27039   2501   13
27052   2502   13
27065   2503   13
27078   2504   13
27091   2505   13
27104   2506   13
27117   2507   9
27126   2508   8
27134   2509   13
27147   2510   13
27160   2511   13
27173   2512   13
27186   2513   13
27199   2514   13
27212   2515   13
27225   2516   13
27238   2517   13
27251   2518   13
27264   2519   13
27277   2520   13
27290   2521   13
27303   2522   13
27316   2523   13
27329   2524   13
27342   2525   13
27355   2526   9
27364   2527   8
27372   2528   13
27385   2529   13
27398   2530   13
27411   2531   13
27424   2532   13
27437   2533   13
27450   2534   13
27463   2535   13
27476   2536   13
27489   2537   13
27502   2538   13
27515   2539   13
27528   2540   13
27541   2541   13
27554   2542   13
27567   2543   13
27580   2544   13
27593   2545   9
27602   2546   8
27610   2547   13
27623   2548   13
27636   2549   13
27649   2550   13
27662   2551   13
27675   2552   13
27688   2553   13
27701   2554   13
27714   2555   13
27727   2556   13
27740   2557   13
27753   2558   13
27766   2559   13
27779   2560   13
27792   2561   13
27805   2562   13
27818   2563   13
27831   2564   9
27840   2565   8
27848   2566   13
27861   2567   13
27874   2568   13
27887   2569   13
27900   2570   13
27913   2571   13
27926   2572   13
27939   2573   13
27952   2574   13
27965   2575   13
27978   2576   13
27991   2577   13
28004   2578   13
28017   2579   13
28030   2580   13
28043   2581   13
28056   2582   13
28069   2583   9
28078   2584   8
28086   2585   13
28099   2586   13
28112   2587   13
28125   2588   13
28138   2589   13
28151   2590   13
28164   2591   13
28177   2592   13
28190   2593   13
28203   2594   13
28216   2595   13
28229   2596   13
28242   2597   13
28255   2598   13
28268   2599   13
28281   2600   13
28294   2601   13
28307   2602   9
28316   2603   8
28324   2604   13
28337   2605   13
28350   2606   13
28363   2607   13
28376   2608   13
28389   2609   13
28402   2610   13
28415   2611   13
28428   2612   13
28441   2613   13
28454   2614   13
28467   2615   13
28480   2616   13
28493   2617   13
28506   2618   13
28519   2619   13
28532   2620   13
28545   2621   9
28554   2622   8
28562   2623   13
28575   2624   13
28588   2625   13
28601   2626   13
28614   2627   13
28627   2628   13
28640   2629   13
28653   2630   13
28666   2631   13
28679   2632   13
28692   2633   13
28705   2634   13
28718   2635   13
28731   2636   13
28744   2637   13
28757   2638   13
28770   2639   13
28783   2640   9
28792   2641   6
28798   2642   10
28808   2643   10
28818   2644   10
28828   2645   10
28838   2646   10
28848   2647   10
28858   2648   10
28868   2649   10
28878   2650   10
28888   2651   10
28898   2652   10
28908   2653   10
28918   2654   10
28928   2655   10
28938   2656   10
28948   2657   10
28958   2658   10
28968   2659   7
28975   2660   4
28979   2661   7
28986   2662   7
28993   2663   7
29000   2664   7
29007   2665   7
29014   2666   7
29021   2667   7
29028   2668   7
29035   2669   7
29042   2670   7
29049   2671   7
29056   2672   7
29063   2673   7
29070   2674   7
29077   2675   7
29084   2676   7
29091   2677   7
29098   2678   5
29103   2679   8
29111   2680   13
29124   2681   13
29137   2682   13
29150   2683   13
29163   2684   13
29176   2685   13
29189   2686   13
29202   2687   13
29215   2688   13
29228   2689   13
29241   2690   13
29254   2691   13
29267   2692   13
29280   2693   13
29293   2694   13
29306   2695   13
29319   2696   13
29332   2697   9
29341   2698   8
29349   2699   13
29362   2700   13
29375   2701   13
29388   2702   13
29401   2703   13
29414   2704   13
29427   2705   13
29440   2706   13
29453   2707   13
29466   2708   13
29479   2709   13
29492   2710   13
29505   2711   13
29518   2712   13
29531   2713   13
29544   2714   13
29557   2715   13
29570   2716   9
29579   2717   8
29587   2718   13
29600   2719   13
29613   2720   13
29626   2721   13
29639   2722   13
29652   2723   13
29665   2724   13
29678   2725   13
29691   2726   13
29704   2727   13
29717   2728   13
29730   2729   13
29743   2730   13
29756   2731   13
29769   2732   13
29782   2733   13
29795   2734   13
29808   2735   9
29817   2736   8
29825   2737   13
29838   2738   13
29851   2739   13
29864   2740   13
29877   2741   13
29890   2742   13
29903   2743   13
29916   2744   13
29929   2745   13
29942   2746   13
29955   2747   13
29968   2748   13
29981   2749   13
29994   2750   13
30007   2751   13
30020   2752   13
30033   2753   13
30046   2754   9
30055   2755   8
30063   2756   13
30076   2757   13
30089   2758   13
30102   2759   13
30115   2760   13
30128   2761   13
30141   2762   13
30154   2763   13
30167   2764   13
30180   2765   13
30193   2766   13
30206   2767   13
30219   2768   13
30232   2769   13
30245   2770   13
30258   2771   13
30271   2772   13
30284   2773   9
30293   2774   8
30301   2775   13
30314   2776   13
30327   2777   13
30340   2778   13
30353   2779   13
30366   2780   13
30379   2781   13
30392   2782   13
30405   2783   13
30418   2784   13
30431   2785   13
30444   2786   13
30457   2787   13
30470   2788   13
30483   2789   13
30496   2790   13
30509   2791   13
30522   2792   9
30531   2793   8
30539   2794   13
30552   2795   13
30565   2796   13
30578   2797   13
30591   2798   13
30604   2799   13
30617   2800   13
30630   2801   13
30643   2802   13
30656   2803   13
30669   2804   13
30682   2805   13
30695   2806   13
30708   2807   13
30721   2808   13
30734   2809   13
30747   2810   13
30760   2811   9
30769   2812   8
30777   2813   13
30790   2814   13
30803   2815   13
30816   2816   13
30829   2817   13
30842   2818   13
30855   2819   13
30868   2820   13
30881   2821   13
30894   2822   13
30907   2823   13
30920   2824   13
30933   2825   13
30946   2826   13
30959   2827   13
30972   2828   13
30985   2829   13
30998   2830   9
31007   2831   8
31015   2832   13
31028   2833   13
31041   2834   13
31054   2835   13
31067   2836   13
31080   2837   13
31093   2838   13
31106   2839   13
31119   2840   13
31132   2841   13
31145   2842   13
31158   2843   13
31171   2844   13
31184   2845   13
31197   2846   13
31210   2847   13
31223   2848   13
31236   2849   9
31245   2850   8
31253   2851   13
31266   2852   13
31279   2853   13
31292   2854   13
31305   2855   13
31318   2856   13
31331   2857   13
31344   2858   13
31357   2859   13
31370   2860   13
31383   2861   13
31396   2862   13
31409   2863   13
31422   2864   13
31435   2865   13
31448   2866   13
31461   2867   13
31474   2868   9
31483   2869   8
31491   2870   13
31504   2871   13
31517   2872   13
31530   2873   13
31543   2874   13
31556   2875   13
31569   2876   13
31582   2877   13
31595   2878   13
31608   2879   13
31621   2880   13
31634   2881   13
31647   2882   13
31660   2883   13
31673   2884   13
31686   2885   13
31699   2886   13
31712   2887   9
31721   2888   8
31729   2889   13
31742   2890   13
31755   2891   13
31768   2892   13
31781   2893   13
31794   2894   13
31807   2895   13
31820   2896   13
31833   2897   13
31846   2898   13
31859   2899   13
31872   2900   13
31885   2901   13
31898   2902   13
31911   2903   13
31924   2904   13
31937   2905   13
31950   2906   9
31959   2907   8
31967   2908   13
31980   2909   13
31993   2910   13
32006   2911   13
32019   2912   13
32032   2913   13
32045   2914   13
32058   2915   13
32071   2916   13
32084   2917   13
32097   2918   13
32110   2919   13
32123   2920   13
32136   2921   13
32149   2922   13
32162   2923   13
32175   2924   13
32188   2925   9
32197   2926   8
32205   2927   13
32218   2928   13
32231   2929   13
32244   2930   13
32257   2931   13
32270   2932   13
32283   2933   13
32296   2934   13
32309   2935   13
32322   2936   13
32335   2937   13
32348   2938   13
32361   2939   13
32374   2940   13
32387   2941   13
32400   2942   13
32413   2943   13
32426   2944   9
32435   2945   8
32443   2946   13
32456   2947   13
32469   2948   13
32482   2949   13
32495   2950   13
32508   2951   13
32521   2952   13
32534   2953   13
32547   2954   13
32560   2955   13
32573   2956   13
32586   2957   13
32599   2958   13
32612   2959   13
32625   2960   13
32638   2961   13
32651   2962   13
32664   2963   9
32673   2964   8
32681   2965   13
32694   2966   13
32707   2967   13
32720   2968   13
32733   2969   13
32746   2970   13
32759   2971   13
32772   2972   13
32785   2973   13
32798   2974   13
32811   2975   13
32824   2976   13
32837   2977   13
32850   2978   13
32863   2979   13
32876   2980   13
32889   2981   13
32902   2982   9
32911   2983   8
32919   2984   13
32932   2985   13
32945   2986   13
32958   2987   13
32971   2988   13
32984   2989   13
32997   2990   13
33010   2991   13
33023   2992   13
33036   2993   13
33049   2994   13
33062   2995   13
33075   2996   13
33088   2997   13
33101   2998   13
33114   2999   13
33127   3000   13
33140   3001   9
33149   3002   8
33157   3003   13
33170   3004   13
33183   3005   13
33196   3006   13
33209   3007   13
33222   3008   13
33235   3009   13
33248   3010   13
33261   3011   13
33274   3012   13
33287   3013   13
33300   3014   13
33313   3015   13
33326   3016   13
33339   3017   13
33352   3018   13
33365   3019   13
33378   3020   9
33387   3021   6
33393   3022   10
33403   3023   10
33413   3024   10
33423   3025   10
33433   3026   10
33443   3027   10
33453   3028   10
33463   3029   10
33473   3030   10
33483   3031   10
33493   3032   10
33503   3033   10
33513   3034   10
33523   3035   10
33533   3036   10
33543   3037   10
33553   3038   10
33563   3039   7
33570   3040   4
33574   3041   7
33581   3042   7
33588   3043   7
33595   3044   7
33602   3045   7
33609   3046   7
33616   3047   7
33623   3048   7
33630   3049   7
33637   3050   7
33644   3051   7
33651   3052   7
33658   3053   7
33665   3054   7
33672   3055   7
33679   3056   7
33686   3057   7
33693   3058   5
33698   3059   8
33706   3060   13
33719   3061   13
33732   3062   13
33745   3063   13
33758   3064   13
33771   3065   13
33784   3066   13
33797   3067   13
33810   3068   13
33823   3069   13
33836   3070   13
33849   3071   13
33862   3072   13
33875   3073   13
33888   3074   13
33901   3075   13
33914   3076   13
33927   3077   9
33936   3078   8
33944   3079   13
33957   3080   13
33970   3081   13
33983   3082   13
33996   3083   13
34009   3084   13
34022   3085   13
34035   3086   13
34048   3087   13
34061   3088   13
34074   3089   13
34087   3090   13
34100   3091   13
34113   3092   13
34126   3093   13
34139   3094   13
34152   3095   13
34165   3096   9
34174   3097   8
34182   3098   13
34195   3099   13
34208   3100   13
34221   3101   13
34234   3102   13
34247   3103   13
34260   3104   13
34273   3105   13
34286   3106   13
34299   3107   13
34312   3108   13
34325   3109   13
34338   3110   13
34351   3111   13
34364   3112   13
34377   3113   13
34390   3114   13
34403   3115   9
34412   3116   8
34420   3117   13
34433   3118   13
34446   3119   13
34459   3120   13
34472   3121   13
34485   3122   13
34498   3123   13
34511   3124   13
34524   3125   13
34537   3126   13
34550   3127   13
34563   3128   13
34576   3129   13
34589   3130   13
34602   3131   13
34615   3132   13
34628   3133   13
34641   3134   9
34650   3135   8
34658   3136   13
34671   3137   13
34684   3138   13
34697   3139   13
34710   3140   13
34723   3141   13
34736   3142   13
34749   3143   13
34762   3144   13
34775   3145   13
34788   3146   13
34801   3147   13
34814   3148   13
34827   3149   13
34840   3150   13
34853   3151   13
34866   3152   13
34879   3153   9
34888   3154   8
34896   3155   13
34909   3156   13
34922   3157   13
34935   3158   13
34948   3159   13
34961   3160   13
34974   3161   13
34987   3162   13
35000   3163   13
35013   3164   13
35026   3165   13
35039   3166   13
35052   3167   13
35065   3168   13
35078   3169   13
35091   3170   13
35104   3171   13
35117   3172   9
35126   3173   8
35134   3174   13
35147   3175   13
35160   3176   13
35173   3177   13
35186   3178   13
35199   3179   13
35212   3180   13
35225   3181   13
35238   3182   13
35251   3183   13
35264   3184   13
35277   3185   13
35290   3186   13
35303   3187   13
35316   3188   13
35329   3189   13
35342   3190   13
35355   3191   9
35364   3192   8
35372   3193   13
35385   3194   13
35398   3195   13
35411   3196   13
35424   3197   13
35437   3198   13
35450   3199   13
35463   3200   13
35476   3201   13
35489   3202   13
35502   3203   13
35515   3204   13
35528   3205   13
35541   3206   13
35554   3207   13
35567   3208   13
35580   3209   13
35593   3210   9
35602   3211   8
35610   3212   13
35623   3213   13
35636   3214   13
35649   3215   13
35662   3216   13
35675   3217   13
35688   3218   13
35701   3219   13
35714   3220   13
35727   3221   13
35740   3222   13
35753   3223   13
35766   3224   13
35779   3225   13
35792   3226   13
35805   3227   13
35818   3228   13
35831   3229   9
35840   3230   8
35848   3231   13
35861   3232   13
35874   3233   13
35887   3234   13
35900   3235   13
35913   3236   13
35926   3237   13
35939   3238   13
35952   3239   13
35965   3240   13
35978   3241   13
35991   3242   13
36004   3243   13
36017   3244   13
36030   3245   13
36043   3246   13
36056   3247   13
36069   3248   9
36078   3249   8
36086   3250   13
36099   3251   13
36112   3252   13
36125   3253   13
36138   3254   13
36151   3255   13
36164   3256   13
36177   3257   13
36190   3258   13
36203   3259   13
36216   3260   13
36229   3261   13
36242   3262   13
36255   3263   13
36268   3264   13
36281   3265   13
36294   3266   13
36307   3267   9
36316   3268   8
36324   3269   13
36337   3270   13
36350   3271   13
36363   3272   13
36376   3273   13
36389   3274   13
36402   3275   13
36415   3276   13
36428   3277   13
36441   3278   13
36454   3279   13
36467   3280   13
36480   3281   13
36493   3282   13
36506   3283   13
36519   3284   13
36532   3285   13
36545   3286   9
36554   3287   8
36562   3288   13
36575   3289   13
36588   3290   13
36601   3291   13
36614   3292   13
36627   3293   13
36640   3294   13
36653   3295   13
36666   3296   13
36679   3297   13
36692   3298   13
36705   3299   13
36718   3300   13
36731   3301   13
36744   3302   13
36757   3303   13
36770   3304   13
36783   3305   9
36792   3306   8
36800   3307   13
36813   3308   13
36826   3309   13
36839   3310   13
36852   3311   13
36865   3312   13
36878   3313   13
36891   3314   13
36904   3315   13
36917   3316   13
36930   3317   13
36943   3318   13
36956   3319   13
36969   3320   13
36982   3321   13
36995   3322   13
37008   3323   13
37021   3324   9
37030   3325   8
37038   3326   13
37051   3327   13
37064   3328   13
37077   3329   13
37090   3330   13
37103   3331   13
37116   3332   13
37129   3333   13
37142   3334   13
37155   3335   13
37168   3336   13
37181   3337   13
37194   3338   13
37207   3339   13
37220   3340   13
37233   3341   13
37246   3342   13
37259   3343   9
37268   3344   8
37276   3345   13
37289   3346   13
37302   3347   13
37315   3348   13
37328   3349   13
37341   3350   13
37354   3351   13
37367   3352   13
37380   3353   13
37393   3354   13
37406   3355   13
37419   3356   13
37432   3357   13
37445   3358   13
37458   3359   13
37471   3360   13
37484   3361   13
37497   3362   9
37506   3363   8
37514   3364   13
37527   3365   13
37540   3366   13
37553   3367   13
37566   3368   13
37579   3369   13
37592   3370   13
37605   3371   13
37618   3372   13
37631   3373   13
37644   3374   13
37657   3375   13
37670   3376   13
37683   3377   13
37696   3378   13
37709   3379   13
37722   3380   13
37735   3381   9
37744   3382   8
37752   3383   13
37765   3384   13
37778   3385   13
37791   3386   13
37804   3387   13
37817   3388   13
37830   3389   13
37843   3390   13
37856   3391   13
37869   3392   13
37882   3393   13
37895   3394   13
37908   3395   13
37921   3396   13
37934   3397   13
37947   3398   13
37960   3399   13
37973   3400   9
37982   3401   6
37988   3402   10
37998   3403   10
38008   3404   10
38018   3405   10
38028   3406   10
38038   3407   10
38048   3408   10
38058   3409   10
38068   3410   10
38078   3411   10
38088   3412   10
38098   3413   10
38108   3414   10
38118   3415   10
38128   3416   10
38138   3417   10
38148   3418   10
38158   3419   7
38165   3420   4
38169   3421   7
38176   3422   7
38183   3423   7
38190   3424   7
38197   3425   7
38204   3426   7
38211   3427   7
38218   3428   7
38225   3429   7
38232   3430   7
38239   3431   7
38246   3432   7
38253   3433   7
38260   3434   7
38267   3435   7
38274   3436   7
38281   3437   7
38288   3438   5
38293   3439   8
38301   3440   13
38314   3441   13
38327   3442   13
38340   3443   13
38353   3444   13
38366   3445   13
38379   3446   13
38392   3447   13
38405   3448   13
38418   3449   13
38431   3450   13
38444   3451   13
38457   3452   13
38470   3453   13
38483   3454   13
38496   3455   13
38509   3456   13
38522   3457   9
38531   3458   8
38539   3459   13
38552   3460   13
38565   3461   13
38578   3462   13
38591   3463   13
38604   3464   13
38617   3465   13
38630   3466   13
38643   3467   13
38656   3468   13
38669   3469   13
38682   3470   13
38695   3471   13
38708   3472   13
38721   3473   13
38734   3474   13
38747   3475   13
38760   3476   9
38769   3477   8
38777   3478   13
38790   3479   13
38803   3480   13
38816   3481   13
38829   3482   13
38842   3483   13
38855   3484   13
38868   3485   13
38881   3486   13
38894   3487   13
38907   3488   13
38920   3489   13
38933   3490   13
38946   3491   13
38959   3492   13
38972   3493   13
38985   3494   13
38998   3495   9
39007   3496   8
39015   3497   13
39028   3498   13
39041   3499   13
39054   3500   13
39067   3501   13
39080   3502   13
39093   3503   13
39106   3504   13
39119   3505   13
39132   3506   13
39145   3507   13
39158   3508   13
39171   3509   13
39184   3510   13
39197   3511   13
39210   3512   13
39223   3513   13
39236   3514   9
39245   3515   8
39253   3516   13
39266   3517   13
39279   3518   13
39292   3519   13
39305   3520   13
39318   3521   13
39331   3522   13
39344   3523   13
39357   3524   13
39370   3525   13
39383   3526   13
39396   3527   13
39409   3528   13
39422   3529   13
39435   3530   13
39448   3531   13
39461   3532   13
39474   3533   9
39483   3534   8
39491   3535   13
39504   3536   13
39517   3537   13
39530   3538   13
39543   3539   13
39556   3540   13
39569   3541   13
39582   3542   13
39595   3543   13
39608   3544   13
39621   3545   13
39634   3546   13
39647   3547   13
39660   3548   13
39673   3549   13
39686   3550   13
39699   3551   13
39712   3552   9
39721   3553   8
39729   3554   13
39742   3555   13
39755   3556   13
39768   3557   13
39781   3558   13
39794   3559   13
39807   3560   13
39820   3561   13
39833   3562   13
39846   3563   13
39859   3564   13
39872   3565   13
39885   3566   13
39898   3567   13
39911   3568   13
39924   3569   13
39937   3570   13
39950   3571   9
39959   3572   8
39967   3573   13
39980   3574   13
39993   3575   13
40006   3576   13
40019   3577   13
40032   3578   13
40045   3579   13
40058   3580   13
40071   3581   13
40084   3582   13
40097   3583   13
40110   3584   13
40123   3585   13
40136   3586   13
40149   3587   13
40162   3588   13
40175   3589   13
40188   3590   9
40197   3591   8
40205   3592   13
40218   3593   13
40231   3594   13
40244   3595   13
40257   3596   13
40270   3597   13
40283   3598   13
40296   3599   13
40309   3600   13
40322   3601   13
40335   3602   13
40348   3603   13
40361   3604   13
40374   3605   13
40387   3606   13
40400   3607   13
40413   3608   13
40426   3609   9
40435   3610   8
40443   3611   13
40456   3612   13
40469   3613   13
40482   3614   13
40495   3615   13
40508   3616   13
40521   3617   13
40534   3618   13
40547   3619   13
40560   3620   13
40573   3621   13
40586   3622   13
40599   3623   13
40612   3624   13
40625   3625   13
40638   3626   13
40651   3627   13
40664   3628   9
40673   3629   8
40681   3630   13
40694   3631   13
40707   3632   13
40720   3633   13
40733   3634   13
40746   3635   13
40759   3636   13
40772   3637   13
40785   3638   13
40798   3639   13
40811   3640   13
40824   3641   13
40837   3642   13
40850   3643   13
40863   3644   13
40876   3645   13
40889   3646   13
40902   3647   9
40911   3648   8
40919   3649   13
40932   3650   13
40945   3651   13
40958   3652   13
40971   3653   13
40984   3654   13
40997   3655   13
41010   3656   13
41023   3657   13
41036   3658   13
41049   3659   13
41062   3660   13
41075   3661   13
41088   3662   13
41101   3663   13
41114   3664   13
41127   3665   13
41140   3666   9
41149   3667   8
41157   3668   13
41170   3669   13
41183   3670   13
41196   3671   13
41209   3672   13
41222   3673   13
41235   3674   13
41248   3675   13
41261   3676   13
41274   3677   13
41287   3678   13
41300   3679   13
41313   3680   13
41326   3681   13
41339   3682   13
41352   3683   13
41365   3684   13
41378   3685   9
41387   3686   8
41395   3687   13
41408   3688   13
41421   3689   13
41434   3690   13
41447   3691   13
41460   3692   13
41473   3693   13
41486   3694   13
41499   3695   13
41512   3696   13
41525   3697   13
41538   3698   13
41551   3699   13
41564   3700   13
41577   3701   13
41590   3702   13
41603   3703   13
41616   3704   9
41625   3705   8
41633   3706   13
41646   3707   13
41659   3708   13
41672   3709   13
41685   3710   13
41698   3711   13
41711   3712   13
41724   3713   13
41737   3714   13
41750   3715   13
41763   3716   13
41776   3717   13
41789   3718   13
41802   3719   13
41815   3720   13
41828   3721   13
41841   3722   13
41854   3723   9
41863   3724   8
41871   3725   13
41884   3726   13
41897   3727   13
41910   3728   13
41923   3729   13
41936   3730   13
41949   3731   13
41962   3732   13
41975   3733   13
41988   3734   13
42001   3735   13
42014   3736   13
42027   3737   13
42040   3738   13
42053   3739   13
42066   3740   13
42079   3741   13
42092   3742   9
42101   3743   8
42109   3744   13
42122   3745   13
42135   3746   13
42148   3747   13
42161   3748   13
42174   3749   13
42187   3750   13
42200   3751   13
42213   3752   13
42226   3753   13
42239   3754   13
42252   3755   13
42265   3756   13
42278   3757   13
42291   3758   13
42304   3759   13
42317   3760   13
42330   3761   9
42339   3762   8
42347   3763   13
42360   3764   13
42373   3765   13
42386   3766   13
42399   3767   13
42412   3768   13
42425   3769   13
42438   3770   13
42451   3771   13
42464   3772   13
42477   3773   13
42490   3774   13
42503   3775   13
42516   3776   13
42529   3777   13
42542   3778   13
42555   3779   13
42568   3780   9
42577   3781   6
42583   3782   10
42593   3783   10
42603   3784   10
42613   3785   10
42623   3786   10
42633   3787   10
42643   3788   10
42653   3789   10
42663   3790   10
42673   3791   10
42683   3792   10
42693   3793   10
42703   3794   10
42713   3795   10
42723   3796   10
42733   3797   10
42743   3798   10
42753   3799   7
42760   3800   