string 0: 
string 1: 0 
string 2: 1 
string 3: 2 
string 4: 3 
string 5: 4 
string 6: 5 
string 7: 6 
string 8: 7 
string 9: 0 1 
string 10: 0 1 2 9 
string 11: 1 2 3 10 
string 12: 2 3 4 11 
string 13: 3 4 5 12 
string 14: 4 5 6 13 
string 15: 5 6 7 14 
string 16: 6 7 8 15 
string 17: 7 8 16 
string 18: 9 10 
string 19: 9 10 11 18 
string 20: 10 11 12 19 
string 21: 11 12 13 20 
string 22: 12 13 14 21 
string 23: 13 14 15 22 
string 24: 14 15 16 23 
string 25: 15 16 17 24 
string 26: 16 17 25 
string 27: 18 19 
string 28: 18 19 20 27 
string 29: 19 20 21 28 
string 30: 20 21 22 29 
string 31: 21 22 23 30 
string 32: 22 23 24 31 
string 33: 23 24 25 32 
string 34: 24 25 26 33 
string 35: 25 26 34 
string 36: 27 28 
string 37: 27 28 29 36 
string 38: 28 29 30 37 
string 39: 29 30 31 38 
string 40: 30 31 32 39 
string 41: 31 32 33 40 
string 42: 32 33 34 41 
string 43: 33 34 35 42 
string 44: 34 35 43 
string 45: 36 37 
string 46: 36 37 38 45 
string 47: 37 38 39 46 
string 48: 38 39 40 47 
string 49: 39 40 41 48 
string 50: 40 41 42 49 
string 51: 41 42 43 50 
string 52: 42 43 44 51 
string 53: 43 44 52 
string 54: 45 46 
string 55: 45 46 47 54 
string 56: 46 47 48 55 
string 57: 47 48 49 56 
string 58: 48 49 50 57 
string 59: 49 50 51 58 
string 60: 50 51 52 59 
string 61: 51 52 53 60 
string 62: 52 53 61 
string 63: 54 55 
string 64: 54 55 56 63 
string 65: 55 56 57 64 
string 66: 56 57 58 65 
string 67: 57 58 59 66 
string 68: 58 59 60 67 
string 69: 59 60 61 68 
string 70: 60 61 62 69 
string 71: 61 62 70 
string 72: 63 64 
string 73: 63 64 65 72 
string 74: 64 65 66 73 
string 75: 65 66 67 74 
string 76: 66 67 68 75 
string 77: 67 68 69 76 
string 78: 68 69 70 77 
string 79: 69 70 71 78 
string 80: 70 71 79 
string 81: 0 1 9 10 
string 82: 0 1 2 9 10 11 81 
string 83: 1 2 3 10 11 12 82 
string 84: 2 3 4 11 12 13 83 
string 85: 3 4 5 12 13 14 84 
string 86: 4 5 6 13 14 15 85 
string 87: 5 6 7 14 15 16 86 
string 88: 6 7 8 15 16 17 87 
string 89: 7 8 16 17 88 
string 90: 0 1 9 10 18 19 81 82 
string 91: 0 1 2 9 10 11 18 19 20 81 82 83 90 
string 92: 1 2 3 10 11 12 19 20 21 82 83 84 91 
string 93: 2 3 4 11 12 13 20 21 22 83 84 85 92 
string 94: 3 4 5 12 13 14 21 22 23 84 85 86 93 
string 95: 4 5 6 13 14 15 22 23 24 85 86 87 94 
string 96: 5 6 7 14 15 16 23 24 25 86 87 88 95 
string 97: 6 7 8 15 16 17 24 25 26 87 88 89 96 
string 98: 7 8 16 17 25 26 88 89 97 
string 99: 9 10 18 19 27 28 90 91 
string 100: 9 10 11 18 19 20 27 28 29 90 91 92 99 
string 101: 10 11 12 19 20 21 28 29 30 91 92 93 100 
string 102: 11 12 13 20 21 22 29 30 31 92 93 94 101 
string 103: 12 13 14 21 22 23 30 31 32 93 94 95 102 
string 104: 13 14 15 22 23 24 31 32 33 94 95 96 103 
string 105: 14 15 16 23 24 25 32 33 34 95 96 97 104 
string 106: 15 16 17 24 25 26 33 34 35 96 97 98 105 
string 107: 16 17 25 26 34 35 97 98 106 
string 108: 18 19 27 28 36 37 99 100 
string 109: 18 19 20 27 28 29 36 37 38 99 100 101 108 
string 110: 19 20 21 28 29 30 37 38 39 100 101 102 109 
string 111: 20 21 22 29 30 31 38 39 40 101 102 103 110 
string 112: 21 22 23 30 31 32 39 40 41 102 103 104 111 
string 113: 22 23 24 31 32 33 40 41 42 103 104 105 112 
string 114: 23 24 25 32 33 34 41 42 43 104 105 106 113 
string 115: 24 25 26 33 34 35 42 43 44 105 106 107 114 
string 116: 25 26 34 35 43 44 106 107 115 
string 117: 27 28 36 37 45 46 108 109 
string 118: 27 28 29 36 37 38 45 46 47 108 109 110 117 
string 119: 28 29 30 37 38 39 46 47 48 109 110 111 118 
string 120: 29 30 31 38 39 40 47 48 49 110 111 112 119 
string 121: 30 31 32 39 40 41 48 49 50 111 112 113 120 
string 122: 31 32 33 40 41 42 49 50 51 112 113 114 121 
string 123: 32 33 34 41 42 43 50 51 52 113 114 115 122 
string 124: 33 34 35 42 43 44 51 52 53 114 115 116 123 
string 125: 34 35 43 44 52 53 115 116 124 
string 126: 36 37 45 46 54 55 117 118 
string 127: 36 37 38 45 46 47 54 55 56 117 118 119 126 
string 128: 37 38 39 46 47 48 55 56 57 118 119 120 127 
string 129: 38 39 40 47 48 49 56 57 58 119 120 121 128 
string 130: 39 40 41 48 49 50 57 58 59 120 121 122 129 
string 131: 40 41 42 49 50 51 58 59 60 121 122 123 130 
string 132: 41 42 43 50 51 52 59 60 61 122 123 124 131 
string 133: 42 43 44 51 52 53 60 61 62 123 124 125 132 
string 134: 43 44 52 53 61 62 124 125 133 
string 135: 45 46 54 55 63 64 126 127 
string 136: 45 46 47 54 55 56 63 64 65 126 127 128 135 
string 137: 46 47 48 55 56 57 64 65 66 127 128 129 136 
string 138: 47 48 49 56 57 58 65 66 67 128 129 130 137 
string 139: 48 49 50 57 58 59 66 67 68 129 130 131 138 
string 140: 49 50 51 58 59 60 67 68 69 130 131 132 139 
string 141: 50 51 52 59 60 61 68 69 70 131 132 133 140 
string 142: 51 52 53 60 61 62 69 70 71 132 133 134 141 
string 143: 52 53 61 62 70 71 133 134 142 
string 144: 54 55 63 64 72 73 135 136 
string 145: 54 55 56 63 64 65 72 73 74 135 136 137 144 
string 146: 55 56 57 64 65 66 73 74 75 136 137 138 145 
string 147: 56 57 58 65 66 67 74 75 76 137 138 139 146 
string 148: 57 58 59 66 67 68 75 76 77 138 139 140 147 
string 149: 58 59 60 67 68 69 76 77 78 139 140 141 148 
string 150: 59 60 61 68 69 70 77 78 79 140 141 142 149 
string 151: 60 61 62 69 70 71 78 79 80 141 142 143 150 
string 152: 61 62 70 71 79 80 142 143 151 
string 153: 63 64 72 73 144 145 
string 154: 63 64 65 72 73 74 144 145 146 153 
string 155: 64 65 66 73 74 75 145 146 147 154 
string 156: 65 66 67 74 75 76 146 147 148 155 
string 157: 66 67 68 75 76 77 147 148 149 156 
string 158: 67 68 69 76 77 78 148 149 150 157 
string 159: 68 69 70 77 78 79 149 150 151 158 
string 160: 69 70 71 78 79 80 150 151 152 159 
string 161: 70 71 79 80 151 152 160 
string 162: 81 82 90 91 
string 163: 81 82 83 90 91 92 162 
string 164: 82 83 84 91 92 93 163 
string 165: 83 84 85 92 93 94 164 
string 166: 84 85 86 93 94 95 165 
string 167: 85 86 87 94 95 96 166 
string 168: 86 87 88 95 96 97 167 
string 169: 87 88 89 96 97 98 168 
string 170: 88 89 97 98 169 
string 171: 81 82 90 91 99 100 162 163 
string 172: 81 82 83 90 91 92 99 100 101 162 163 164 171 
string 173: 82 83 84 91 92 93 100 101 102 163 164 165 172 
string 174: 83 84 85 92 93 94 101 102 103 164 165 166 173 
string 175: 84 85 86 93 94 95 102 103 104 165 166 167 174 
string 176: 85 86 87 94 95 96 103 104 105 166 167 168 175 
string 177: 86 87 88 95 96 97 104 105 106 167 168 169 176 
string 178: 87 88 89 96 97 98 105 106 107 168 169 170 177 
string 179: 88 89 97 98 106 107 169 170 178 
string 180: 90 91 99 100 108 109 171 172 
string 181: 90 91 92 99 100 101 108 109 110 171 172 173 180 
string 182: 91 92 93 100 101 102 109 110 111 172 173 174 181 
string 183: 92 93 94 101 102 103 110 111 112 173 174 175 182 
string 184: 93 94 95 102 103 104 111 112 113 174 175 176 183 
string 185: 94 95 96 103 104 105 112 113 114 175 176 177 184 
string 186: 95 96 97 104 105 106 113 114 115 176 177 178 185 
string 187: 96 97 98 105 106 107 114 115 116 177 178 179 186 
string 188: 97 98 106 107 115 116 178 179 187 
string 189: 99 100 108 109 117 118 180 181 
string 190: 99 100 101 108 109 110 117 118 119 180 181 182 189 
string 191: 100 101 102 109 110 111 118 119 120 181 182 183 190 
string 192: 101 102 103 110 111 112 119 120 121 182 183 184 191 
string 193: 102 103 104 111 112 113 120 121 122 183 184 185 192 
string 194: 103 104 105 112 113 114 121 122 123 184 185 186 193 
string 195: 104 105 106 113 114 115 122 123 124 185 186 187 194 
string 196: 105 106 107 114 115 116 123 124 125 186 187 188 195 
string 197: 106 107 115 116 124 125 187 188 196 
string 198: 108 109 117 118 126 127 189 190 
string 199: 108 109 110 117 118 119 126 127 128 189 190 191 198 
string 200: 109 110 111 118 119 120 127 128 129 190 191 192 199 
string 201: 110 111 112 119 120 121 128 129 130 191 192 193 200 
string 202: 111 112 113 120 121 122 129 130 131 192 193 194 201 
string 203: 112 113 114 121 122 123 130 131 132 193 194 195 202 
string 204: 113 114 115 122 123 124 131 132 133 194 195 196 203 
string 205: 114 115 116 123 124 125 132 133 134 195 196 197 204 
string 206: 115 116 124 125 133 134 196 197 205 
string 207: 117 118 126 127 135 136 198 199 
string 208: 117 118 119 126 127 128 135 136 137 198 199 200 207 
string 209: 118 119 120 127 128 129 136 137 138 199 200 201 208 
string 210: 119 120 121 128 129 130 137 138 139 200 201 202 209 
string 211: 120 121 122 129 130 131 138 139 140 201 202 203 210 
string 212: 121 122 123 130 131 132 139 140 141 202 203 204 211 
string 213: 122 123 124 131 132 133 140 141 142 203 204 205 212 
string 214: 123 124 125 132 133 134 141 142 143 204 205 206 213 
string 215: 124 125 133 134 142 143 205 206 214 
string 216: 126 127 135 136 144 145 207 208 
string 217: 126 127 128 135 136 137 144 145 146 207 208 209 216 
string 218: 127 128 129 136 137 138 145 146 147 208 209 210 217 
string 219: 128 129 130 137 138 139 146 147 148 209 210 211 218 
string 220: 129 130 131 138 139 140 147 148 149 210 211 212 219 
string 221: 130 131 132 139 140 141 148 149 150 211 212 213 220 
string 222: 131 132 133 140 141 142 149 150 151 212 213 214 221 
string 223: 132 133 134 141 142 143 150 151 152 213 214 215 222 
string 224: 133 134 142 143 151 152 214 215 223 
string 225: 135 136 144 145 153 154 216 217 
string 226: 135 136 137 144 145 146 153 154 155 216 217 218 225 
string 227: 136 137 138 145 146 147 154 155 156 217 218 219 226 
string 228: 137 138 139 146 147 148 155 156 157 218 219 220 227 
string 229: 138 139 140 147 148 149 156 157 158 219 220 221 228 
string 230: 139 140 141 148 149 150 157 158 159 220 221 222 229 
string 231: 140 141 142 149 150 151 158 159 160 221 222 223 230 
string 232: 141 142 143 150 151 152 159 160 161 222 223 224 231 
string 233: 142 143 151 152 160 161 223 224 232 
string 234: 144 145 153 154 225 226 
string 235: 144 145 146 153 154 155 225 226 227 234 
string 236: 145 146 147 154 155 156 226 227 228 235 
string 237: 146 147 148 155 156 157 227 228 229 236 
string 238: 147 148 149 156 157 158 228 229 230 237 
string 239: 148 149 150 157 158 159 229 230 231 238 
string 240: 149 150 151 158 159 160 230 231 232 239 
string 241: 150 151 152 159 160 161 231 232 233 240 
string 242: 151 152 160 161 232 233 241 
string 243: 162 163 171 172 
string 244: 162 163 164 171 172 173 243 
string 245: 163 164 165 172 173 174 244 
string 246: 164 165 166 173 174 175 245 
string 247: 165 166 167 174 175 176 246 
string 248: 166 167 168 175 176 177 247 
string 249: 167 168 169 176 177 178 248 
string 250: 168 169 170 177 178 179 249 
string 251: 169 170 178 179 250 
string 252: 162 163 171 172 180 181 243 244 
string 253: 162 163 164 171 172 173 180 181 182 243 244 245 252 
string 254: 163 164 165 172 173 174 181 182 183 244 245 246 253 
string 255: 164 165 166 173 174 175 182 183 184 245 246 247 254 
string 256: 165 166 167 174 175 176 183 184 185 246 247 248 255 
string 257: 166 167 168 175 176 177 184 185 186 247 248 249 256 
string 258: 167 168 169 176 177 178 185 186 187 248 249 250 257 
string 259: 168 169 170 177 178 179 186 187 188 249 250 251 258 
string 260: 169 170 178 179 187 188 250 251 259 
string 261: 171 172 180 181 189 190 252 253 
string 262: 171 172 173 180 181 182 189 190 191 252 253 254 261 
string 263: 172 173 174 181 182 183 190 191 192 253 254 255 262 
string 264: 173 174 175 182 183 184 191 192 193 254 255 256 263 
string 265: 174 175 176 183 184 185 192 193 194 255 256 257 264 
string 266: 175 176 177 184 185 186 193 194 195 256 257 258 265 
string 267: 176 177 178 185 186 187 194 195 196 257 258 259 266 
string 268: 177 178 179 186 187 188 195 196 197 258 259 260 267 
string 269: 178 179 187 188 196 197 259 260 268 
string 270: 180 181 189 190 198 199 261 262 
string 271: 180 181 182 189 190 191 198 199 200 261 262 263 270 
string 272: 181 182 183 190 191 192 199 200 201 262 263 264 271 
string 273: 182 183 184 191 192 193 200 201 202 263 264 265 272 
string 274: 183 184 185 192 193 194 201 202 203 264 265 266 273 
string 275: 184 185 186 193 194 195 202 203 204 265 266 267 274 
string 276: 185 186 187 194 195 196 203 204 205 266 267 268 275 
string 277: 186 187 188 195 196 197 204 205 206 267 268 269 276 
string 278: 187 188 196 197 205 206 268 269 277 
string 279: 189 190 198 199 207 208 270 271 
string 280: 189 190 191 198 199 200 207 208 209 270 271 272 279 
string 281: 190 191 192 199 200 201 208 209 210 271 272 273 280 
string 282: 191 192 193 200 201 202 209 210 211 272 273 274 281 
string 283: 192 193 194 201 202 203 210 211 212 273 274 275 282 
string 284: 193 194 195 202 203 204 211 212 213 274 275 276 283 
string 285: 194 195 196 203 204 205 212 213 214 275 276 277 284 
string 286: 195 196 197 204 205 206 213 214 215 276 277 278 285 
string 287: 196 197 205 206 214 215 277 278 286 
string 288: 198 199 207 208 216 217 279 280 
string 289: 198 199 200 207 208 209 216 217 218 279 280 281 288 
string 290: 199 200 201 208 209 210 217 218 219 280 281 282 289 
string 291: 200 201 202 209 210 211 218 219 220 281 282 283 290 
string 292: 201 202 203 210 211 212 219 220 221 282 283 284 291 
string 293: 202 203 204 211 212 213 220 221 222 283 284 285 292 
string 294: 203 204 205 212 213 214 221 222 223 284 285 286 293 
string 295: 204 205 206 213 214 215 222 223 224 285 286 287 294 
string 296: 205 206 214 215 223 224 286 287 295 
string 297: 207 208 216 217 225 226 288 289 
string 298: 207 208 209 216 217 218 225 226 227 288 289 290 297 
string 299: 208 209 210 217 218 219 226 227 228 289 290 291 298 
string 300: 209 210 211 218 219 220 227 228 229 290 291 292 299 
string 301: 210 211 212 219 220 221 228 229 230 291 292 293 300 
string 302: 211 212 213 220 221 222 229 230 231 292 293 294 301 
string 303: 212 213 214 221 222 223 230 231 232 293 294 295 302 
string 304: 213 214 215 222 223 224 231 232 233 294 295 296 303 
string 305: 214 215 223 224 232 233 295 296 304 
string 306: 216 217 225 226 234 235 297 298 
string 307: 216 217 218 225 226 227 234 235 236 297 298 299 306 
string 308: 217 218 219 226 227 228 235 236 237 298 299 300 307 
string 309: 218 219 220 227 228 229 236 237 238 299 300 301 308 
string 310: 219 220 221 228 229 230 237 238 239 300 301 302 309 
string 311: 220 221 222 229 230 231 238 239 240 301 302 303 310 
string 312: 221 222 223 230 231 232 239 240 241 302 303 304 311 
string 313: 222 223 224 231 232 233 240 241 242 303 304 305 312 
string 314: 223 224 232 233 241 242 304 305 313 
string 315: 225 226 234 235 306 307 
string 316: 225 226 227 234 235 236 306 307 308 315 
string 317: 226 227 228 235 236 237 307 308 309 316 
string 318: 227 228 229 236 237 238 308 309 310 317 
string 319: 228 229 230 237 238 239 309 310 311 318 
string 320: 229 230 231 238 239 240 310 311 312 319 
string 321: 230 231 232 239 240 241 311 312 313 320 
string 322: 231 232 233 240 241 242 312 313 314 321 
string 323: 232 233 241 242 313 314 322 
string 324: 243 244 252 253 
string 325: 243 244 245 252 253 254 324 
string 326: 244 245 246 253 254 255 325 
string 327: 245 246 247 254 255 256 326 
string 328: 246 247 248 255 256 257 327 
string 329: 247 248 249 256 257 258 328 
string 330: 248 249 250 257 258 259 329 
string 331: 249 250 251 258 259 260 330 
string 332: 250 251 259 260 331 
string 333: 243 244 252 253 261 262 324 325 
string 334: 243 244 245 252 253 254 261 262 263 324 325 326 333 
string 335: 244 245 246 253 254 255 262 263 264 325 326 327 334 
string 336: 245 246 247 254 255 256 263 264 265 326 327 328 335 
string 337: 246 247 248 255 256 257 264 265 266 327 328 329 336 
string 338: 247 248 249 256 257 258 265 266 267 328 329 330 337 
string 339: 248 249 250 257 258 259 266 267 268 329 330 331 338 
string 340: 249 250 251 258 259 260 267 268 269 330 331 332 339 
string 341: 250 251 259 260 268 269 331 332 340 
string 342: 252 253 261 262 270 271 333 334 
string 343: 252 253 254 261 262 263 270 271 272 333 334 335 342 
string 344: 253 254 255 262 263 264 271 272 273 334 335 336 343 
string 345: 254 255 256 263 264 265 272 273 274 335 336 337 344 
string 346: 255 256 257 264 265 266 273 274 275 336 337 338 345 
string 347: 256 257 258 265 266 267 274 275 276 337 338 339 346 
string 348: 257 258 259 266 267 268 275 276 277 338 339 340 347 
string 349: 258 259 260 267 268 269 276 277 278 339 340 341 348 
string 350: 259 260 268 269 277 278 340 341 349 
string 351: 261 262 270 271 279 280 342 343 
string 352: 261 262 263 270 271 272 279 280 281 342 343 344 351 
string 353: 262 263 264 271 272 273 280 281 282 343 344 345 352 
string 354: 263 264 265 272 273 274 281 282 283 344 345 346 353 
string 355: 264 265 266 273 274 275 282 283 284 345 346 347 354 
string 356: 265 266 267 274 275 276 283 284 285 346 347 348 355 
string 357: 266 267 268 275 276 277 284 285 286 347 348 349 356 
string 358: 267 268 269 276 277 278 285 286 287 348 349 350 357 
string 359: 268 269 277 278 286 287 349 350 358 
string 360: 270 271 279 280 288 289 351 352 
string 361: 270 271 272 279 280 281 288 289 290 351 352 353 360 
string 362: 271 272 273 280 281 282 289 290 291 352 353 354 361 
string 363: 272 273 274 281 282 283 290 291 292 353 354 355 362 
string 364: 273 274 275 282 283 284 291 292 293 354 355 356 363 
string 365: 274 275 276 283 284 285 292 293 294 355 356 357 364 
string 366: 275 276 277 284 285 286 293 294 295 356 357 358 365 
string 367: 276 277 278 285 286 287 294 295 296 357 358 359 366 
string 368: 277 278 286 287 295 296 358 359 367 
string 369: 279 280 288 289 297 298 360 361 
string 370: 279 280 281 288 289 290 297 298 299 360 361 362 369 
string 371: 280 281 282 289 290 291 298 299 300 361 362 363 370 
string 372: 281 282 283 290 291 292 299 300 301 362 363 364 371 
string 373: 282 283 284 291 292 293 300 301 302 363 364 365 372 
string 374: 283 284 285 292 293 294 301 302 303 364 365 366 373 
string 375: 284 285 286 293 294 295 302 303 304 365 366 367 374 
string 376: 285 286 287 294 295 296 303 304 305 366 367 368 375 
string 377: 286 287 295 296 304 305 367 368 376 
string 378: 288 289 297 298 306 307 369 370 
string 379: 288 289 290 297 298 299 306 307 308 369 370 371 378 
string 380: 289 290 291 298 299 300 307 308 309 370 371 372 379 
string 381: 290 291 292 299 300 301 308 309 310 371 372 373 380 
string 382: 291 292 293 300 301 302 309 310 311 372 373 374 381 
string 383: 292 293 294 301 302 303 310 311 312 373 374 375 382 
string 384: 293 294 295 302 303 304 311 312 313 374 375 376 383 
string 385: 294 295 296 303 304 305 312 313 314 375 376 377 384 
string 386: 295 296 304 305 313 314 376 377 385 
string 387: 297 298 306 307 315 316 378 379 
string 388: 297 298 299 306 307 308 315 316 317 378 379 380 387 
string 389: 298 299 300 307 308 309 316 317 318 379 380 381 388 
string 390: 299 300 301 308 309 310 317 318 319 380 381 382 389 
string 391: 300 301 302 309 310 311 318 319 320 381 382 383 390 
string 392: 301 302 303 310 311 312 319 320 321 382 383 384 391 
string 393: 302 303 304 311 312 313 320 321 322 383 384 385 392 
string 394: 303 304 305 312 313 314 321 322 323 384 385 386 393 
string 395: 304 305 313 314 322 323 385 386 394 
string 396: 306 307 315 316 387 388 
string 397: 306 307 308 315 316 317 387 388 389 396 
string 398: 307 308 309 316 317 318 388 389 390 397 
string 399: 308 309 310 317 318 319 389 390 391 398 
string 400: 309 310 311 318 319 320 390 391 392 399 
string 401: 310 311 312 319 320 321 391 392 393 400 
string 402: 311 312 313 320 321 322 392 393 394 401 
string 403: 312 313 314 321 322 323 393 394 395 402 
string 404: 313 314 322 323 394 395 403 
