0	0
19	0
38	0
57	0
76	0
95	0
114	0
133	0
152	0
171	0
190	0
209	0
228	0
247	0
266	0
285	0
304	0
323	0
342	0
361	0
1	0
20	0
39	0
58	0
77	0
96	0
115	0
134	0
153	0
172	0
191	0
210	0
229	0
248	0
267	0
286	0
305	0
324	0
343	0
362	0
2	0
21	0
40	0
59	0
78	0
97	0
116	0
135	0
154	0
173	0
192	0
211	0
230	0
249	0
268	0
287	0
306	0
325	0
344	0
363	0
3	0
22	0
41	0
60	0
79	0
98	0
117	0
136	0
155	0
174	0
193	0
212	0
231	0
250	0
269	0
288	0
307	0
326	0
345	0
364	0
4	0
23	0
42	0
61	0
80	0
99	0
118	0
137	0
156	0
175	0
194	0
213	0
232	0
251	0
270	0
289	0
308	0
327	0
346	0
365	0
5	0
24	0
43	0
62	0
81	0
100	0
119	0
138	0
157	0
176	0
195	0
214	0
233	0
252	0
271	0
290	0
309	0
328	0
347	0
366	0
6	0
25	0
44	0
63	0
82	0
101	0
120	0
139	0
158	0
177	0
196	0
215	0
234	0
253	0
272	0
291	0
310	0
329	0
348	0
367	0
7	0
26	0
45	0
64	0
83	0
102	0
121	0
140	0
159	0
178	0
197	0
216	0
235	0
254	0
273	0
292	0
311	0
330	0
349	0
368	0
8	0
27	0
46	0
65	0
84	0
103	0
122	0
141	0
160	0
179	0
198	0
217	0
236	0
255	0
274	0
293	0
312	0
331	0
350	0
369	0
9	0
28	0
47	0
66	0
85	0
104	0
123	0
142	0
161	0
180	0
199	0
218	0
237	0
256	0
275	0
294	0
313	0
332	0
351	0
370	0
10	0
29	0
48	0
67	0
86	0
105	0
124	0
143	0
162	0
181	0
200	0
219	0
238	0
257	0
276	0
295	0
314	0
333	0
352	0
371	0
11	0
30	0
49	0
68	0
87	0
106	0
125	0
144	0
163	0
182	0
201	0
220	0
239	0
258	0
277	0
296	0
315	0
334	0
353	0
372	0
12	0
31	0
50	0
69	0
88	0
107	0
126	0
145	0
164	0
183	0
202	0
221	0
240	0
259	0
278	0
297	0
316	0
335	0
354	0
373	0
13	0
32	0
51	0
70	0
89	0
108	0
127	0
146	0
165	0
184	0
203	0
222	0
241	0
260	0
279	0
298	0
317	0
336	0
355	0
374	0
14	0
33	0
52	0
71	0
90	0
109	0
128	0
147	0
166	0
185	0
204	0
223	0
242	0
261	0
280	0
299	0
318	0
337	0
356	0
375	0
15	0
34	0
53	0
72	0
91	0
110	0
129	0
148	0
167	0
186	0
205	0
224	0
243	0
262	0
281	0
300	0
319	0
338	0
357	0
376	0
16	0
35	0
54	0
73	0
92	0
111	0
130	0
149	0
168	0
187	0
206	0
225	0
244	0
263	0
282	0
301	0
320	0
339	0
358	0
377	0
17	0
36	0
55	0
74	0
93	0
112	0
131	0
150	0
169	0
188	0
207	0
226	0
245	0
264	0
283	0
302	0
321	0
340	0
359	0
378	0
18	0
37	0
56	0
75	0
94	0
113	0
132	0
151	0
170	0
189	0
208	0
227	0
246	0
265	0
284	0
303	0
322	0
341	0
360	0
379	0
3420	0
3439	0
3458	0
3477	0
3496	0
3515	0
3534	0
3553	0
3572	0
3591	0
3610	0
3629	0
3648	0
3667	0
3686	0
3705	0
3724	0
3743	0
3762	0
3781	0
3421	0
3440	0
3459	0
3478	0
3497	0
3516	0
3535	0
3554	0
3573	0
3592	0
3611	0
3630	0
3649	0
3668	0
3687	0
3706	0
3725	0
3744	0
3763	0
3782	0
3422	0
3441	0
3460	0
3479	0
3498	0
3517	0
3536	0
3555	0
3574	0
3593	0
3612	0
3631	0
3650	0
3669	0
3688	0
3707	0
3726	0
3745	0
3764	0
3783	0
3423	0
3442	0
3461	0
3480	0
3499	0
3518	0
3537	0
3556	0
3575	0
3594	0
3613	0
3632	0
3651	0
3670	0
3689	0
3708	0
3727	0
3746	0
3765	0
3784	0
3424	0
3443	0
3462	0
3481	0
3500	0
3519	0
3538	0
3557	0
3576	0
3595	0
3614	0
3633	0
3652	0
3671	0
3690	0
3709	0
3728	0
3747	0
3766	0
3785	0
3425	0
3444	0
3463	0
3482	0
3501	0
3520	0
3539	0
3558	0
3577	0
3596	0
3615	0
3634	0
3653	0
3672	0
3691	0
3710	0
3729	0
3748	0
3767	0
3786	0
3426	0
3445	0
3464	0
3483	0
3502	0
3521	0
3540	0
3559	0
3578	0
3597	0
3616	0
3635	0
3654	0
3673	0
3692	0
3711	0
3730	0
3749	0
3768	0
3787	0
3427	0
3446	0
3465	0
3484	0
3503	0
3522	0
3541	0
3560	0
3579	0
3598	0
3617	0
3636	0
3655	0
3674	0
3693	0
3712	0
3731	0
3750	0
3769	0
3788	0
3428	0
3447	0
3466	0
3485	0
3504	0
3523	0
3542	0
3561	0
3580	0
3599	0
3618	0
3637	0
3656	0
3675	0
3694	0
3713	0
3732	0
3751	0
3770	0
3789	0
3429	0
3448	0
3467	0
3486	0
3505	0
3524	0
3543	0
3562	0
3581	0
3600	0
3619	0
3638	0
3657	0
3676	0
3695	0
3714	0
3733	0
3752	0
3771	0
3790	0
3430	0
3449	0
3468	0
3487	0
3506	0
3525	0
3544	0
3563	0
3582	0
3601	0
3620	0
3639	0
3658	0
3677	0
3696	0
3715	0
3734	0
3753	0
3772	0
3791	0
3431	0
3450	0
3469	0
3488	0
3507	0
3526	0
3545	0
3564	0
3583	0
3602	0
3621	0
3640	0
3659	0
3678	0
3697	0
3716	0
3735	0
3754	0
3773	0
3792	0
3432	0
3451	0
3470	0
3489	0
3508	0
3527	0
3546	0
3565	0
3584	0
3603	0
3622	0
3641	0
3660	0
3679	0
3698	0
3717	0
3736	0
3755	0
3774	0
3793	0
3433	0
3452	0
3471	0
3490	0
3509	0
3528	0
3547	0
3566	0
3585	0
3604	0
3623	0
3642	0
3661	0
3680	0
3699	0
3718	0
3737	0
3756	0
3775	0
3794	0
3434	0
3453	0
3472	0
3491	0
3510	0
3529	0
3548	0
3567	0
3586	0
3605	0
3624	0
3643	0
3662	0
3681	0
3700	0
3719	0
3738	0
3757	0
3776	0
3795	0
3435	0
3454	0
3473	0
3492	0
3511	0
3530	0
3549	0
3568	0
3587	0
3606	0
3625	0
3644	0
3663	0
3682	0
3701	0
3720	0
3739	0
3758	0
3777	0
3796	0
3436	0
3455	0
3474	0
3493	0
3512	0
3531	0
3550	0
3569	0
3588	0
3607	0
3626	0
3645	0
3664	0
3683	0
3702	0
3721	0
3740	0
3759	0
3778	0
3797	0
3437	0
3456	0
3475	0
3494	0
3513	0
3532	0
3551	0
3570	0
3589	0
3608	0
3627	0
3646	0
3665	0
3684	0
3703	0
3722	0
3741	0
3760	0
3779	0
3798	0
3438	0
3457	0
3476	0
3495	0
3514	0
3533	0
3552	0
3571	0
3590	0
3609	0
3628	0
3647	0
3666	0
3685	0
3704	0
3723	0
3742	0
3761	0
3780	0
3799	0
0	0
380	0
760	0
1140	0
1520	0
1900	0
2280	0
2660	0
3040	0
3420	0
19	0
399	0
779	0
1159	0
1539	0
1919	0
2299	0
2679	0
3059	0
3439	0
38	0
418	0
798	0
1178	0
1558	0
1938	0
2318	0
2698	0
3078	0
3458	0
57	0
437	0
817	0
1197	0
1577	0
1957	0
2337	0
2717	0
3097	0
3477	0
76	0
456	0
836	0
1216	0
1596	0
1976	0
2356	0
2736	0
3116	0
3496	0
95	0
475	0
855	0
1235	0
1615	0
1995	0
2375	0
2755	0
3135	0
3515	0
114	0
494	0
874	0
1254	0
1634	0
2014	0
2394	0
2774	0
3154	0
3534	0
133	0
513	0
893	0
1273	0
1653	0
2033	0
2413	0
2793	0
3173	0
3553	0
152	0
532	0
912	0
1292	0
1672	0
2052	0
2432	0
2812	0
3192	0
3572	0
171	0
551	0
931	0
1311	0
1691	0
2071	0
2451	0
2831	0
3211	0
3591	0
190	0
570	0
950	0
1330	0
1710	0
2090	0
2470	0
2850	0
3230	0
3610	0
209	0
589	0
969	0
1349	0
1729	0
2109	0
2489	0
2869	0
3249	0
3629	0
228	0
608	0
988	0
1368	0
1748	0
2128	0
2508	0
2888	0
3268	0
3648	0
247	0
627	0
1007	0
1387	0
1767	0
2147	0
2527	0
2907	0
3287	0
3667	0
266	0
646	0
1026	0
1406	0
1786	0
2166	0
2546	0
2926	0
3306	0
3686	0
285	0
665	0
1045	0
1425	0
1805	0
2185	0
2565	0
2945	0
3325	0
3705	0
304	0
684	0
1064	0
1444	0
1824	0
2204	0
2584	0
2964	0
3344	0
3724	0
323	0
703	0
1083	0
1463	0
1843	0
2223	0
2603	0
2983	0
3363	0
3743	0
342	0
722	0
1102	0
1482	0
1862	0
2242	0
2622	0
3002	0
3382	0
3762	0
361	0
741	0
1121	0
1501	0
1881	0
2261	0
2641	0
3021	0
3401	0
3781	0
18	0
398	0
778	0
1158	0
1538	0
1918	0
2298	0
2678	0
3058	0
3438	0
37	0
417	0
797	0
1177	0
1557	0
1937	0
2317	0
2697	0
3077	0
3457	0
56	0
436	0
816	0
1196	0
1576	0
1956	0
2336	0
2716	0
3096	0
3476	0
75	0
455	0
835	0
1215	0
1595	0
1975	0
2355	0
2735	0
3115	0
3495	0
94	0
474	0
854	0
1234	0
1614	0
1994	0
2374	0
2754	0
3134	0
3514	0
113	0
493	0
873	0
1253	0
1633	0
2013	0
2393	0
2773	0
3153	0
3533	0
132	0
512	0
892	0
1272	0
1652	0
2032	0
2412	0
2792	0
3172	0
3552	0
151	0
531	0
911	0
1291	0
1671	0
2051	0
2431	0
2811	0
3191	0
3571	0
170	0
550	0
930	0
1310	0
1690	0
2070	0
2450	0
2830	0
3210	0
3590	0
189	0
569	0
949	0
1329	0
1709	0
2089	0
2469	0
2849	0
3229	0
3609	0
208	0
588	0
968	0
1348	0
1728	0
2108	0
2488	0
2868	0
3248	0
3628	0
227	0
607	0
987	0
1367	0
1747	0
2127	0
2507	0
2887	0
3267	0
3647	0
246	0
626	0
1006	0
1386	0
1766	0
2146	0
2526	0
2906	0
3286	0
3666	0
265	0
645	0
1025	0
1405	0
1785	0
2165	0
2545	0
2925	0
3305	0
3685	0
284	0
664	0
1044	0
1424	0
1804	0
2184	0
2564	0
2944	0
3324	0
3704	0
303	0
683	0
1063	0
1443	0
1823	0
2203	0
2583	0
2963	0
3343	0
3723	0
322	0
702	0
1082	0
1462	0
1842	0
2222	0
2602	0
2982	0
3362	0
3742	0
341	0
721	0
1101	0
1481	0
1861	0
2241	0
2621	0
3001	0
3381	0
3761	0
360	0
740	0
1120	0
1500	0
1880	0
2260	0
2640	0
3020	0
3400	0
3780	0
379	0
759	0
1139	0
1519	0
1899	0
2279	0
2659	0
3039	0
3419	0
3799	0
0	0
380	0
760	0
1140	0
1520	0
1900	0
2280	0
2660	0
3040	0
3420	0
1	0
381	0
761	0
1141	0
1521	0
1901	0
2281	0
2661	0
3041	0
3421	0
2	0
382	0
762	0
1142	0
1522	0
1902	0
2282	0
2662	0
3042	0
3422	0
3	0
383	0
763	0
1143	0
1523	0
1903	0
2283	0
2663	0
3043	0
3423	0
4	0
384	0
764	0
1144	0
1524	0
1904	0
2284	0
2664	0
3044	0
3424	0
5	0
385	0
765	0
1145	0
1525	0
1905	0
2285	0
2665	0
3045	0
3425	0
6	0
386	0
766	0
1146	0
1526	0
1906	0
2286	0
2666	0
3046	0
3426	0
7	0
387	0
767	0
1147	0
1527	0
1907	0
2287	0
2667	0
3047	0
3427	0
8	0
388	0
768	0
1148	0
1528	0
1908	0
2288	0
2668	0
3048	0
3428	0
9	0
389	0
769	0
1149	0
1529	0
1909	0
2289	0
2669	0
3049	0
3429	0
10	0
390	0
770	0
1150	0
1530	0
1910	0
2290	0
2670	0
3050	0
3430	0
11	0
391	0
771	0
1151	0
1531	0
1911	0
2291	0
2671	0
3051	0
3431	0
12	0
392	0
772	0
1152	0
1532	0
1912	0
2292	0
2672	0
3052	0
3432	0
13	0
393	0
773	0
1153	0
1533	0
1913	0
2293	0
2673	0
3053	0
3433	0
14	0
394	0
774	0
1154	0
1534	0
1914	0
2294	0
2674	0
3054	0
3434	0
15	0
395	0
775	0
1155	0
1535	0
1915	0
2295	0
2675	0
3055	0
3435	0
16	0
396	0
776	0
1156	0
1536	0
1916	0
2296	0
2676	0
3056	0
3436	0
17	0
397	0
777	0
1157	0
1537	0
1917	0
2297	0
2677	0
3057	0
3437	0
18	0
398	0
778	0
1158	0
1538	0
1918	0
2298	0
2678	0
3058	0
3438	0
361	0
741	0
1121	0
1501	0
1881	0
2261	0
2641	0
3021	0
3401	0
3781	0
362	0
742	0
1122	0
1502	0
1882	0
2262	0
2642	0
3022	0
3402	0
3782	0
363	0
743	0
1123	0
1503	0
1883	0
2263	0
2643	0
3023	0
3403	0
3783	0
364	0
744	0
1124	0
1504	0
1884	0
2264	0
2644	0
3024	0
3404	0
3784	0
365	0
745	0
1125	0
1505	0
1885	0
2265	0
2645	0
3025	0
3405	0
3785	0
366	0
746	0
1126	0
1506	0
1886	0
2266	0
2646	0
3026	0
3406	0
3786	0
367	0
747	0
1127	0
1507	0
1887	0
2267	0
2647	0
3027	0
3407	0
3787	0
368	0
748	0
1128	0
1508	0
1888	0
2268	0
2648	0
3028	0
3408	0
3788	0
369	0
749	0
1129	0
1509	0
1889	0
2269	0
2649	0
3029	0
3409	0
3789	0
370	0
750	0
1130	0
1510	0
1890	0
2270	0
2650	0
3030	0
3410	0
3790	0
371	0
751	0
1131	0
1511	0
1891	0
2271	0
2651	0
3031	0
3411	0
3791	0
372	0
752	0
1132	0
1512	0
1892	0
2272	0
2652	0
3032	0
3412	0
3792	0
373	0
753	0
1133	0
1513	0
1893	0
2273	0
2653	0
3033	0
3413	0
3793	0
374	0
754	0
1134	0
1514	0
1894	0
2274	0
2654	0
3034	0
3414	0
3794	0
375	0
755	0
1135	0
1515	0
1895	0
2275	0
2655	0
3035	0
3415	0
3795	0
376	0
756	0
1136	0
1516	0
1896	0
2276	0
2656	0
3036	0
3416	0
3796	0
377	0
757	0
1137	0
1517	0
1897	0
2277	0
2657	0
3037	0
3417	0
3797	0
378	0
758	0
1138	0
1518	0
1898	0
2278	0
2658	0
3038	0
3418	0
3798	0
379	0
759	0
1139	0
1519	0
1899	0
2279	0
2659	0
3039	0
3419	0
3799	0
