       324        1.21551
       333        1.21551
       325        1.21551
       334        1.21551
       333       0.796556
       342       0.796556
       334       0.796556
       343       0.796556
       342       0.468562
       351       0.468562
       343       0.468562
       352       0.468562
       351       0.275625
       360       0.275625
       352       0.275625
       361       0.275625
       360       0.275625
       369       0.275625
       361       0.275625
       370       0.275625
       369       0.468562
       378       0.468562
       370       0.468562
       379       0.468562
       378       0.796556
       387       0.796556
       379       0.796556
       388       0.796556
       387        1.21551
       396        1.21551
       388        1.21551
       397        1.21551
       325       0.796556
       334       0.796556
       326       0.796556
       335       0.796556
       334       0.522006
       343       0.522006
       335       0.522006
       344       0.522006
       343       0.307062
       352       0.307062
       344       0.307062
       353       0.307062
       352       0.180625
       361       0.180625
       353       0.180625
       362       0.180625
       361       0.180625
       370       0.180625
       362       0.180625
       371       0.180625
       370       0.307062
       379       0.307062
       371       0.307062
       380       0.307062
       379       0.522006
       388       0.522006
       380       0.522006
       389       0.522006
       388       0.796556
       397       0.796556
       389       0.796556
       398       0.796556
       326       0.468562
       335       0.468562
       327       0.468562
       336       0.468562
       335       0.307062
       344       0.307062
       336       0.307062
       345       0.307062
       344       0.180625
       353       0.180625
       345       0.180625
       354       0.180625
       353        0.10625
       362        0.10625
       354        0.10625
       363        0.10625
       362        0.10625
       371        0.10625
       363        0.10625
       372        0.10625
       371       0.180625
       380       0.180625
       372       0.180625
       381       0.180625
       380       0.307062
       389       0.307062
       381       0.307062
       390       0.307062
       389       0.468562
       398       0.468562
       390       0.468562
       399       0.468562
       327       0.275625
       336       0.275625
       328       0.275625
       337       0.275625
       336       0.180625
       345       0.180625
       337       0.180625
       346       0.180625
       345        0.10625
       354        0.10625
       346        0.10625
       355        0.10625
       354         0.0625
       363         0.0625
       355         0.0625
       364         0.0625
       363         0.0625
       372         0.0625
       364         0.0625
       373         0.0625
       372        0.10625
       381        0.10625
       373        0.10625
       382        0.10625
       381       0.180625
       390       0.180625
       382       0.180625
       391       0.180625
       390       0.275625
       399       0.275625
       391       0.275625
       400       0.275625
       328       0.275625
       337       0.275625
       329       0.275625
       338       0.275625
       337       0.180625
       346       0.180625
       338       0.180625
       347       0.180625
       346        0.10625
       355        0.10625
       347        0.10625
       356        0.10625
       355         0.0625
       364         0.0625
       356         0.0625
       365         0.0625
       364         0.0625
       373         0.0625
       365         0.0625
       374         0.0625
       373        0.10625
       382        0.10625
       374        0.10625
       383        0.10625
       382       0.180625
       391       0.180625
       383       0.180625
       392       0.180625
       391       0.275625
       400       0.275625
       392       0.275625
       401       0.275625
       329       0.468562
       338       0.468562
       330       0.468562
       339       0.468562
       338       0.307062
       347       0.307062
       339       0.307062
       348       0.307062
       347       0.180625
       356       0.180625
       348       0.180625
       357       0.180625
       356        0.10625
       365        0.10625
       357        0.10625
       366        0.10625
       365        0.10625
       374        0.10625
       366        0.10625
       375        0.10625
       374       0.180625
       383       0.180625
       375       0.180625
       384       0.180625
       383       0.307062
       392       0.307062
       384       0.307062
       393       0.307062
       392       0.468562
       401       0.468562
       393       0.468562
       402       0.468562
       330       0.796556
       339       0.796556
       331       0.796556
       340       0.796556
       339       0.522006
       348       0.522006
       340       0.522006
       349       0.522006
       348       0.307062
       357       0.307062
       349       0.307062
       358       0.307062
       357       0.180625
       366       0.180625
       358       0.180625
       367       0.180625
       366       0.180625
       375       0.180625
       367       0.180625
       376       0.180625
       375       0.307062
       384       0.307062
       376       0.307062
       385       0.307062
       384       0.522006
       393       0.522006
       385       0.522006
       394       0.522006
       393       0.796556
       402       0.796556
       394       0.796556
       403       0.796556
       331        1.21551
       340        1.21551
       332        1.21551
       341        1.21551
       340       0.796556
       349       0.796556
       341       0.796556
       350       0.796556
       349       0.468562
       358       0.468562
       350       0.468562
       359       0.468562
       358       0.275625
       367       0.275625
       359       0.275625
       368       0.275625
       367       0.275625
       376       0.275625
       368       0.275625
       377       0.275625
       376       0.468562
       385       0.468562
       377       0.468562
       386       0.468562
       385       0.796556
       394       0.796556
       386       0.796556
       395       0.796556
       394        1.21551
       403        1.21551
       395        1.21551
       404        1.21551
         0       -1.21551
         9       -1.21551
         1       -1.21551
        10       -1.21551
         9      -0.796556
        18      -0.796556
        10      -0.796556
        19      -0.796556
        18      -0.468562
        27      -0.468562
        19      -0.468562
        28      -0.468562
        27      -0.275625
        36      -0.275625
        28      -0.275625
        37      -0.275625
        36      -0.275625
        45      -0.275625
        37      -0.275625
        46      -0.275625
        45      -0.468563
        54      -0.468563
        46      -0.468563
        55      -0.468563
        54      -0.796556
        63      -0.796556
        55      -0.796556
        64      -0.796556
        63       -1.21551
        72       -1.21551
        64       -1.21551
        73       -1.21551
         1      -0.796556
        10      -0.796556
         2      -0.796556
        11      -0.796556
        10      -0.522006
        19      -0.522006
        11      -0.522006
        20      -0.522006
        19      -0.307063
        28      -0.307063
        20      -0.307063
        29      -0.307063
        28      -0.180625
        37      -0.180625
        29      -0.180625
        38      -0.180625
        37      -0.180625
        46      -0.180625
        38      -0.180625
        47      -0.180625
        46      -0.307063
        55      -0.307063
        47      -0.307063
        56      -0.307063
        55      -0.522006
        64      -0.522006
        56      -0.522006
        65      -0.522006
        64      -0.796556
        73      -0.796556
        65      -0.796556
        74      -0.796556
         2      -0.468562
        11      -0.468562
         3      -0.468562
        12      -0.468562
        11      -0.307063
        20      -0.307063
        12      -0.307063
        21      -0.307063
        20      -0.180625
        29      -0.180625
        21      -0.180625
        30      -0.180625
        29       -0.10625
        38       -0.10625
        30       -0.10625
        39       -0.10625
        38       -0.10625
        47       -0.10625
        39       -0.10625
        48       -0.10625
        47      -0.180625
        56      -0.180625
        48      -0.180625
        57      -0.180625
        56      -0.307063
        65      -0.307063
        57      -0.307063
        66      -0.307063
        65      -0.468562
        74      -0.468562
        66      -0.468562
        75      -0.468562
         3      -0.275625
        12      -0.275625
         4      -0.275625
        13      -0.275625
        12      -0.180625
        21      -0.180625
        13      -0.180625
        22      -0.180625
        21       -0.10625
        30       -0.10625
        22       -0.10625
        31       -0.10625
        30        -0.0625
        39        -0.0625
        31        -0.0625
        40        -0.0625
        39        -0.0625
        48        -0.0625
        40        -0.0625
        49        -0.0625
        48       -0.10625
        57       -0.10625
        49       -0.10625
        58       -0.10625
        57      -0.180625
        66      -0.180625
        58      -0.180625
        67      -0.180625
        66      -0.275625
        75      -0.275625
        67      -0.275625
        76      -0.275625
         4      -0.275625
        13      -0.275625
         5      -0.275625
        14      -0.275625
        13      -0.180625
        22      -0.180625
        14      -0.180625
        23      -0.180625
        22       -0.10625
        31       -0.10625
        23       -0.10625
        32       -0.10625
        31        -0.0625
        40        -0.0625
        32        -0.0625
        41        -0.0625
        40        -0.0625
        49        -0.0625
        41        -0.0625
        50        -0.0625
        49       -0.10625
        58       -0.10625
        50       -0.10625
        59       -0.10625
        58      -0.180625
        67      -0.180625
        59      -0.180625
        68      -0.180625
        67      -0.275625
        76      -0.275625
        68      -0.275625
        77      -0.275625
         5      -0.468563
        14      -0.468563
         6      -0.468563
        15      -0.468563
        14      -0.307063
        23      -0.307063
        15      -0.307063
        24      -0.307063
        23      -0.180625
        32      -0.180625
        24      -0.180625
        33      -0.180625
        32       -0.10625
        41       -0.10625
        33       -0.10625
        42       -0.10625
        41       -0.10625
        50       -0.10625
        42       -0.10625
        51       -0.10625
        50      -0.180625
        59      -0.180625
        51      -0.180625
        60      -0.180625
        59      -0.307062
        68      -0.307062
        60      -0.307062
        69      -0.307062
        68      -0.468562
        77      -0.468562
        69      -0.468562
        78      -0.468562
         6      -0.796556
        15      -0.796556
         7      -0.796556
        16      -0.796556
        15      -0.522006
        24      -0.522006
        16      -0.522006
        25      -0.522006
        24      -0.307063
        33      -0.307063
        25      -0.307063
        34      -0.307063
        33      -0.180625
        42      -0.180625
        34      -0.180625
        43      -0.180625
        42      -0.180625
        51      -0.180625
        43      -0.180625
        52      -0.180625
        51      -0.307062
        60      -0.307062
        52      -0.307062
        61      -0.307062
        60      -0.522006
        69      -0.522006
        61      -0.522006
        70      -0.522006
        69      -0.796556
        78      -0.796556
        70      -0.796556
        79      -0.796556
         7       -1.21551
        16       -1.21551
         8       -1.21551
        17       -1.21551
        16      -0.796556
        25      -0.796556
        17      -0.796556
        26      -0.796556
        25      -0.468562
        34      -0.468562
        26      -0.468562
        35      -0.468562
        34      -0.275625
        43      -0.275625
        35      -0.275625
        44      -0.275625
        43      -0.275625
        52      -0.275625
        44      -0.275625
        53      -0.275625
        52      -0.468562
        61      -0.468562
        53      -0.468562
        62      -0.468562
        61      -0.796556
        70      -0.796556
        62      -0.796556
        71      -0.796556
        70       -1.21551
        79       -1.21551
        71       -1.21551
        80       -1.21551
         0      -0.275625
        81      -0.275625
         9      -0.275625
        90      -0.275625
        81      -0.468562
       162      -0.468562
        90      -0.468562
       171      -0.468562
       162      -0.796556
       243      -0.796556
       171      -0.796556
       252      -0.796556
       243       -1.21551
       324       -1.21551
       252       -1.21551
       333       -1.21551
         9      -0.180625
        90      -0.180625
        18      -0.180625
        99      -0.180625
        90      -0.307062
       171      -0.307062
        99      -0.307062
       180      -0.307062
       171      -0.522006
       252      -0.522006
       180      -0.522006
       261      -0.522006
       252      -0.796556
       333      -0.796556
       261      -0.796556
       342      -0.796556
        18       -0.10625
        99       -0.10625
        27       -0.10625
       108       -0.10625
        99      -0.180625
       180      -0.180625
       108      -0.180625
       189      -0.180625
       180      -0.307062
       261      -0.307062
       189      -0.307062
       270      -0.307062
       261      -0.468562
       342      -0.468562
       270      -0.468562
       351      -0.468562
        27        -0.0625
       108        -0.0625
        36        -0.0625
       117        -0.0625
       108       -0.10625
       189       -0.10625
       117       -0.10625
       198       -0.10625
       189      -0.180625
       270      -0.180625
       198      -0.180625
       279      -0.180625
       270      -0.275625
       351      -0.275625
       279      -0.275625
       360      -0.275625
        36        -0.0625
       117        -0.0625
        45        -0.0625
       126        -0.0625
       117       -0.10625
       198       -0.10625
       126       -0.10625
       207       -0.10625
       198      -0.180625
       279      -0.180625
       207      -0.180625
       288      -0.180625
       279      -0.275625
       360      -0.275625
       288      -0.275625
       369      -0.275625
        45       -0.10625
       126       -0.10625
        54       -0.10625
       135       -0.10625
       126      -0.180625
       207      -0.180625
       135      -0.180625
       216      -0.180625
       207      -0.307062
       288      -0.307062
       216      -0.307062
       297      -0.307062
       288      -0.468562
       369      -0.468562
       297      -0.468562
       378      -0.468562
        54      -0.180625
       135      -0.180625
        63      -0.180625
       144      -0.180625
       135      -0.307062
       216      -0.307062
       144      -0.307062
       225      -0.307062
       216      -0.522006
       297      -0.522006
       225      -0.522006
       306      -0.522006
       297      -0.796556
       378      -0.796556
       306      -0.796556
       387      -0.796556
        63      -0.275625
       144      -0.275625
        72      -0.275625
       153      -0.275625
       144      -0.468562
       225      -0.468562
       153      -0.468562
       234      -0.468562
       225      -0.796556
       306      -0.796556
       234      -0.796556
       315      -0.796556
       306       -1.21551
       387       -1.21551
       315       -1.21551
       396       -1.21551
         8       0.275625
        89       0.275625
        17       0.275625
        98       0.275625
        89       0.468562
       170       0.468562
        98       0.468562
       179       0.468562
       170       0.796556
       251       0.796556
       179       0.796556
       260       0.796556
       251        1.21551
       332        1.21551
       260        1.21551
       341        1.21551
        17       0.180625
        98       0.180625
        26       0.180625
       107       0.180625
        98       0.307062
       179       0.307062
       107       0.307062
       188       0.307062
       179       0.522006
       260       0.522006
       188       0.522006
       269       0.522006
       260       0.796556
       341       0.796556
       269       0.796556
       350       0.796556
        26        0.10625
       107        0.10625
        35        0.10625
       116        0.10625
       107       0.180625
       188       0.180625
       116       0.180625
       197       0.180625
       188       0.307062
       269       0.307062
       197       0.307062
       278       0.307062
       269       0.468562
       350       0.468562
       278       0.468562
       359       0.468562
        35         0.0625
       116         0.0625
        44         0.0625
       125         0.0625
       116        0.10625
       197        0.10625
       125        0.10625
       206        0.10625
       197       0.180625
       278       0.180625
       206       0.180625
       287       0.180625
       278       0.275625
       359       0.275625
       287       0.275625
       368       0.275625
        44         0.0625
       125         0.0625
        53         0.0625
       134         0.0625
       125        0.10625
       206        0.10625
       134        0.10625
       215        0.10625
       206       0.180625
       287       0.180625
       215       0.180625
       296       0.180625
       287       0.275625
       368       0.275625
       296       0.275625
       377       0.275625
        53        0.10625
       134        0.10625
        62        0.10625
       143        0.10625
       134       0.180625
       215       0.180625
       143       0.180625
       224       0.180625
       215       0.307062
       296       0.307062
       224       0.307062
       305       0.307062
       296       0.468562
       377       0.468562
       305       0.468562
       386       0.468562
        62       0.180625
       143       0.180625
        71       0.180625
       152       0.180625
       143       0.307062
       224       0.307062
       152       0.307062
       233       0.307062
       224       0.522006
       305       0.522006
       233       0.522006
       314       0.522006
       305       0.796556
       386       0.796556
       314       0.796556
       395       0.796556
        71       0.275625
       152       0.275625
        80       0.275625
       161       0.275625
       152       0.468562
       233       0.468562
       161       0.468562
       242       0.468562
       233       0.796556
       314       0.796556
       242       0.796556
       323       0.796556
       314        1.21551
       395        1.21551
       323        1.21551
       404        1.21551
         0      -0.275625
        81      -0.275625
         1      -0.275625
        82      -0.275625
        81      -0.468562
       162      -0.468562
        82      -0.468562
       163      -0.468562
       162      -0.796556
       243      -0.796556
       163      -0.796556
       244      -0.796556
       243       -1.21551
       324       -1.21551
       244       -1.21551
       325       -1.21551
         1      -0.180625
        82      -0.180625
         2      -0.180625
        83      -0.180625
        82      -0.307062
       163      -0.307062
        83      -0.307062
       164      -0.307062
       163      -0.522006
       244      -0.522006
       164      -0.522006
       245      -0.522006
       244      -0.796556
       325      -0.796556
       245      -0.796556
       326      -0.796556
         2       -0.10625
        83       -0.10625
         3       -0.10625
        84       -0.10625
        83      -0.180625
       164      -0.180625
        84      -0.180625
       165      -0.180625
       164      -0.307062
       245      -0.307062
       165      -0.307062
       246      -0.307062
       245      -0.468562
       326      -0.468562
       246      -0.468562
       327      -0.468562
         3        -0.0625
        84        -0.0625
         4        -0.0625
        85        -0.0625
        84       -0.10625
       165       -0.10625
        85       -0.10625
       166       -0.10625
       165      -0.180625
       246      -0.180625
       166      -0.180625
       247      -0.180625
       246      -0.275625
       327      -0.275625
       247      -0.275625
       328      -0.275625
         4        -0.0625
        85        -0.0625
         5        -0.0625
        86        -0.0625
        85       -0.10625
       166       -0.10625
        86       -0.10625
       167       -0.10625
       166      -0.180625
       247      -0.180625
       167      -0.180625
       248      -0.180625
       247      -0.275625
       328      -0.275625
       248      -0.275625
       329      -0.275625
         5       -0.10625
        86       -0.10625
         6       -0.10625
        87       -0.10625
        86      -0.180625
       167      -0.180625
        87      -0.180625
       168      -0.180625
       167      -0.307062
       248      -0.307062
       168      -0.307062
       249      -0.307062
       248      -0.468562
       329      -0.468562
       249      -0.468562
       330      -0.468562
         6      -0.180625
        87      -0.180625
         7      -0.180625
        88      -0.180625
        87      -0.307062
       168      -0.307062
        88      -0.307062
       169      -0.307062
       168      -0.522006
       249      -0.522006
       169      -0.522006
       250      -0.522006
       249      -0.796556
       330      -0.796556
       250      -0.796556
       331      -0.796556
         7      -0.275625
        88      -0.275625
         8      -0.275625
        89      -0.275625
        88      -0.468562
       169      -0.468562
        89      -0.468562
       170      -0.468562
       169      -0.796556
       250      -0.796556
       170      -0.796556
       251      -0.796556
       250       -1.21551
       331       -1.21551
       251       -1.21551
       332       -1.21551
        72       0.275625
       153       0.275625
        73       0.275625
       154       0.275625
       153       0.468562
       234       0.468562
       154       0.468562
       235       0.468562
       234       0.796556
       315       0.796556
       235       0.796556
       316       0.796556
       315        1.21551
       396        1.21551
       316        1.21551
       397        1.21551
        73       0.180625
       154       0.180625
        74       0.180625
       155       0.180625
       154       0.307062
       235       0.307062
       155       0.307062
       236       0.307062
       235       0.522006
       316       0.522006
       236       0.522006
       317       0.522006
       316       0.796556
       397       0.796556
       317       0.796556
       398       0.796556
        74        0.10625
       155        0.10625
        75        0.10625
       156        0.10625
       155       0.180625
       236       0.180625
       156       0.180625
       237       0.180625
       236       0.307062
       317       0.307062
       237       0.307062
       318       0.307062
       317       0.468562
       398       0.468562
       318       0.468562
       399       0.468562
        75         0.0625
       156         0.0625
        76         0.0625
       157         0.0625
       156        0.10625
       237        0.10625
       157        0.10625
       238        0.10625
       237       0.180625
       318       0.180625
       238       0.180625
       319       0.180625
       318       0.275625
       399       0.275625
       319       0.275625
       400       0.275625
        76         0.0625
       157         0.0625
        77         0.0625
       158         0.0625
       157        0.10625
       238        0.10625
       158        0.10625
       239        0.10625
       238       0.180625
       319       0.180625
       239       0.180625
       320       0.180625
       319       0.275625
       400       0.275625
       320       0.275625
       401       0.275625
        77        0.10625
       158        0.10625
        78        0.10625
       159        0.10625
       158       0.180625
       239       0.180625
       159       0.180625
       240       0.180625
       239       0.307062
       320       0.307062
       240       0.307062
       321       0.307062
       320       0.468562
       401       0.468562
       321       0.468562
       402       0.468562
        78       0.180625
       159       0.180625
        79       0.180625
       160       0.180625
       159       0.307062
       240       0.307062
       160       0.307062
       241       0.307062
       240       0.522006
       321       0.522006
       241       0.522006
       322       0.522006
       321       0.796556
       402       0.796556
       322       0.796556
       403       0.796556
        79       0.275625
       160       0.275625
        80       0.275625
       161       0.275625
       160       0.468562
       241       0.468562
       161       0.468562
       242       0.468562
       241       0.796556
       322       0.796556
       242       0.796556
       323       0.796556
       322        1.21551
       403        1.21551
       323        1.21551
       404        1.21551
