        20        5.66667
        24              7
        21              6
        25        7.33333
        24        2.16667
        28           2.25
        25           2.25
        29        2.33333
        21             14
        25        16.6667
        22        15.3333
        26             18
        25              5
        29        5.16667
        26        5.33333
        30            5.5
        22        8.66667
        26             10
        23              9
        27        10.3333
        26        2.91667
        30              3
        27              3
        31        3.08333
         0       0.666667
         3              2
         1              1
         4        2.33333
         3       0.916667
         6              1
         4              1
         7        1.08333
         1              7
         4             11
         2             10
         5             14
         4            2.5
         7        2.66667
        32        2.83333
         8              3
        32        1.66667
         8           1.75
         5           1.75
         9        1.83333
         0        6.66667
        10             12
         3             12
        13        17.3333
        10        4.66667
        20              5
        13              6
        24        6.33333
         3        4.66667
        13              6
         6              5
        16        6.33333
        13        1.91667
        24              2
        16              2
        28        2.08333
         2        22.6667
        12             28
         5             28
        15        33.3333
        12        8.66667
        23              9
        15             10
        27        10.3333
         5        8.66667
        15             10
         9              9
        19        10.3333
        15        2.91667
        27              3
        19              3
        31        3.08333
         0       0.666667
        10              2
         1              1
        11        2.33333
        10       0.916667
        20              1
        11              1
        21        1.08333
         1              7
        11             11
         2             10
        12             14
        11            2.5
        21        2.66667
        33        2.83333
        22              3
        33        1.66667
        22           1.75
        12           1.75
        23        1.83333
         6        5.66667
        16              7
         7              6
        17        7.33333
        16        2.16667
        28           2.25
        17           2.25
        29        2.33333
         7             14
        17        16.6667
         8        15.3333
        18             18
        17              5
        29        5.16667
        18        5.33333
        30            5.5
         8        8.66667
        18             10
         9              9
        19        10.3333
        18        2.91667
        30              3
        19              3
        31        3.08333
