ERROR: file `not_optimized_field.txt` not found.
No sources configured
Ошибка. Не правильно заданы подобласти. Общая площадь не равна сумме площадей подобластей.
xNet
-100
-71.5601
-48.9715
-32.8368
-21.312
-13.08
-7.2
-3
0
2
4.4
7.28
10.736
14.8832
20
25.1168
29.264
32.72
35.6
38
40
42
44
46
48
50
53
57.2
63.08
71.312
82.8368
100
yNet
-100
-60
-19.5
-6
-1.5
0
1.5
4.5
10.5
20
29.5
35.5
38.5
40
41
43
47
50
51.5
56
69.5
100
zNet
-100
-82.6477
-71.8912
-64.208
-58.72
-54.8
-52
-50
-48
-46
-44
-42
-40
-38
-35.6
-32.72
-29.264
-25.1168
-20
-14.8832
-10.736
-7.28
-4.4
-2
0
Grid optimization disabled
