256	-5	5	-5	5	0	5
0 1 9 10 81 82 90 91 
1 2 10 11 82 83 91 92 
2 3 11 12 83 84 92 93 
3 4 12 13 84 85 93 94 
4 5 13 14 85 86 94 95 
5 6 14 15 86 87 95 96 
6 7 15 16 87 88 96 97 
7 8 16 17 88 89 97 98 
9 10 18 19 90 91 99 100 
10 11 19 20 91 92 100 101 
11 12 20 21 92 93 101 102 
12 13 21 22 93 94 102 103 
13 14 22 23 94 95 103 104 
14 15 23 24 95 96 104 105 
15 16 24 25 96 97 105 106 
16 17 25 26 97 98 106 107 
18 19 27 28 99 100 108 109 
19 20 28 29 100 101 109 110 
20 21 29 30 101 102 110 111 
21 22 30 31 102 103 111 112 
22 23 31 32 103 104 112 113 
23 24 32 33 104 105 113 114 
24 25 33 34 105 106 114 115 
25 26 34 35 106 107 115 116 
27 28 36 37 108 109 117 118 
28 29 37 38 109 110 118 119 
29 30 38 39 110 111 119 120 
30 31 39 40 111 112 120 121 
31 32 40 41 112 113 121 122 
32 33 41 42 113 114 122 123 
33 34 42 43 114 115 123 124 
34 35 43 44 115 116 124 125 
36 37 45 46 117 118 126 127 
37 38 46 47 118 119 127 128 
38 39 47 48 119 120 128 129 
39 40 48 49 120 121 129 130 
40 41 49 50 121 122 130 131 
41 42 50 51 122 123 131 132 
42 43 51 52 123 124 132 133 
43 44 52 53 124 125 133 134 
45 46 54 55 126 127 135 136 
46 47 55 56 127 128 136 137 
47 48 56 57 128 129 137 138 
48 49 57 58 129 130 138 139 
49 50 58 59 130 131 139 140 
50 51 59 60 131 132 140 141 
51 52 60 61 132 133 141 142 
52 53 61 62 133 134 142 143 
54 55 63 64 135 136 144 145 
55 56 64 65 136 137 145 146 
56 57 65 66 137 138 146 147 
57 58 66 67 138 139 147 148 
58 59 67 68 139 140 148 149 
59 60 68 69 140 141 149 150 
60 61 69 70 141 142 150 151 
61 62 70 71 142 143 151 152 
63 64 72 73 144 145 153 154 
64 65 73 74 145 146 154 155 
65 66 74 75 146 147 155 156 
66 67 75 76 147 148 156 157 
67 68 76 77 148 149 157 158 
68 69 77 78 149 150 158 159 
69 70 78 79 150 151 159 160 
70 71 79 80 151 152 160 161 
81 82 90 91 162 163 171 172 
82 83 91 92 163 164 172 173 
83 84 92 93 164 165 173 174 
84 85 93 94 165 166 174 175 
85 86 94 95 166 167 175 176 
86 87 95 96 167 168 176 177 
87 88 96 97 168 169 177 178 
88 89 97 98 169 170 178 179 
90 91 99 100 171 172 180 181 
91 92 100 101 172 173 181 182 
92 93 101 102 173 174 182 183 
93 94 102 103 174 175 183 184 
94 95 103 104 175 176 184 185 
95 96 104 105 176 177 185 186 
96 97 105 106 177 178 186 187 
97 98 106 107 178 179 187 188 
99 100 108 109 180 181 189 190 
100 101 109 110 181 182 190 191 
101 102 110 111 182 183 191 192 
102 103 111 112 183 184 192 193 
103 104 112 113 184 185 193 194 
104 105 113 114 185 186 194 195 
105 106 114 115 186 187 195 196 
106 107 115 116 187 188 196 197 
108 109 117 118 189 190 198 199 
109 110 118 119 190 191 199 200 
110 111 119 120 191 192 200 201 
111 112 120 121 192 193 201 202 
112 113 121 122 193 194 202 203 
113 114 122 123 194 195 203 204 
114 115 123 124 195 196 204 205 
115 116 124 125 196 197 205 206 
117 118 126 127 198 199 207 208 
118 119 127 128 199 200 208 209 
119 120 128 129 200 201 209 210 
120 121 129 130 201 202 210 211 
121 122 130 131 202 203 211 212 
122 123 131 132 203 204 212 213 
123 124 132 133 204 205 213 214 
124 125 133 134 205 206 214 215 
126 127 135 136 207 208 216 217 
127 128 136 137 208 209 217 218 
128 129 137 138 209 210 218 219 
129 130 138 139 210 211 219 220 
130 131 139 140 211 212 220 221 
131 132 140 141 212 213 221 222 
132 133 141 142 213 214 222 223 
133 134 142 143 214 215 223 224 
135 136 144 145 216 217 225 226 
136 137 145 146 217 218 226 227 
137 138 146 147 218 219 227 228 
138 139 147 148 219 220 228 229 
139 140 148 149 220 221 229 230 
140 141 149 150 221 222 230 231 
141 142 150 151 222 223 231 232 
142 143 151 152 223 224 232 233 
144 145 153 154 225 226 234 235 
145 146 154 155 226 227 235 236 
146 147 155 156 227 228 236 237 
147 148 156 157 228 229 237 238 
148 149 157 158 229 230 238 239 
149 150 158 159 230 231 239 240 
150 151 159 160 231 232 240 241 
151 152 160 161 232 233 241 242 
162 163 171 172 243 244 252 253 
163 164 172 173 244 245 253 254 
164 165 173 174 245 246 254 255 
165 166 174 175 246 247 255 256 
166 167 175 176 247 248 256 257 
167 168 176 177 248 249 257 258 
168 169 177 178 249 250 258 259 
169 170 178 179 250 251 259 260 
171 172 180 181 252 253 261 262 
172 173 181 182 253 254 262 263 
173 174 182 183 254 255 263 264 
174 175 183 184 255 256 264 265 
175 176 184 185 256 257 265 266 
176 177 185 186 257 258 266 267 
177 178 186 187 258 259 267 268 
178 179 187 188 259 260 268 269 
180 181 189 190 261 262 270 271 
181 182 190 191 262 263 271 272 
182 183 191 192 263 264 272 273 
183 184 192 193 264 265 273 274 
184 185 193 194 265 266 274 275 
185 186 194 195 266 267 275 276 
186 187 195 196 267 268 276 277 
187 188 196 197 268 269 277 278 
189 190 198 199 270 271 279 280 
190 191 199 200 271 272 280 281 
191 192 200 201 272 273 281 282 
192 193 201 202 273 274 282 283 
193 194 202 203 274 275 283 284 
194 195 203 204 275 276 284 285 
195 196 204 205 276 277 285 286 
196 197 205 206 277 278 286 287 
198 199 207 208 279 280 288 289 
199 200 208 209 280 281 289 290 
200 201 209 210 281 282 290 291 
201 202 210 211 282 283 291 292 
202 203 211 212 283 284 292 293 
203 204 212 213 284 285 293 294 
204 205 213 214 285 286 294 295 
205 206 214 215 286 287 295 296 
207 208 216 217 288 289 297 298 
208 209 217 218 289 290 298 299 
209 210 218 219 290 291 299 300 
210 211 219 220 291 292 300 301 
211 212 220 221 292 293 301 302 
212 213 221 222 293 294 302 303 
213 214 222 223 294 295 303 304 
214 215 223 224 295 296 304 305 
216 217 225 226 297 298 306 307 
217 218 226 227 298 299 307 308 
218 219 227 228 299 300 308 309 
219 220 228 229 300 301 309 310 
220 221 229 230 301 302 310 311 
221 222 230 231 302 303 311 312 
222 223 231 232 303 304 312 313 
223 224 232 233 304 305 313 314 
225 226 234 235 306 307 315 316 
226 227 235 236 307 308 316 317 
227 228 236 237 308 309 317 318 
228 229 237 238 309 310 318 319 
229 230 238 239 310 311 319 320 
230 231 239 240 311 312 320 321 
231 232 240 241 312 313 321 322 
232 233 241 242 313 314 322 323 
243 244 252 253 324 325 333 334 
244 245 253 254 325 326 334 335 
245 246 254 255 326 327 335 336 
246 247 255 256 327 328 336 337 
247 248 256 257 328 329 337 338 
248 249 257 258 329 330 338 339 
249 250 258 259 330 331 339 340 
250 251 259 260 331 332 340 341 
252 253 261 262 333 334 342 343 
253 254 262 263 334 335 343 344 
254 255 263 264 335 336 344 345 
255 256 264 265 336 337 345 346 
256 257 265 266 337 338 346 347 
257 258 266 267 338 339 347 348 
258 259 267 268 339 340 348 349 
259 260 268 269 340 341 349 350 
261 262 270 271 342 343 351 352 
262 263 271 272 343 344 352 353 
263 264 272 273 344 345 353 354 
264 265 273 274 345 346 354 355 
265 266 274 275 346 347 355 356 
266 267 275 276 347 348 356 357 
267 268 276 277 348 349 357 358 
268 269 277 278 349 350 358 359 
270 271 279 280 351 352 360 361 
271 272 280 281 352 353 361 362 
272 273 281 282 353 354 362 363 
273 274 282 283 354 355 363 364 
274 275 283 284 355 356 364 365 
275 276 284 285 356 357 365 366 
276 277 285 286 357 358 366 367 
277 278 286 287 358 359 367 368 
279 280 288 289 360 361 369 370 
280 281 289 290 361 362 370 371 
281 282 290 291 362 363 371 372 
282 283 291 292 363 364 372 373 
283 284 292 293 364 365 373 374 
284 285 293 294 365 366 374 375 
285 286 294 295 366 367 375 376 
286 287 295 296 367 368 376 377 
288 289 297 298 369 370 378 379 
289 290 298 299 370 371 379 380 
290 291 299 300 371 372 380 381 
291 292 300 301 372 373 381 382 
292 293 301 302 373 374 382 383 
293 294 302 303 374 375 383 384 
294 295 303 304 375 376 384 385 
295 296 304 305 376 377 385 386 
297 298 306 307 378 379 387 388 
298 299 307 308 379 380 388 389 
299 300 308 309 380 381 389 390 
300 301 309 310 381 382 390 391 
301 302 310 311 382 383 391 392 
302 303 311 312 383 384 392 393 
303 304 312 313 384 385 393 394 
304 305 313 314 385 386 394 395 
306 307 315 316 387 388 396 397 
307 308 316 317 388 389 397 398 
308 309 317 318 389 390 398 399 
309 310 318 319 390 391 399 400 
310 311 319 320 391 392 400 401 
311 312 320 321 392 393 401 402 
312 313 321 322 393 394 402 403 
313 314 322 323 394 395 403 404 
