3800 3800
-100 -100 -50
-98.2251 -100 -50
-57.1912 -100 -50
-33.0537 -100 -50
-18.8551 -100 -50
-10.503 -100 -50
-5.59 -100 -50
-2.7 -100 -50
-1 -100 -50
0 -100 -50
1 -100 -50
2.7 -100 -50
5.59 -100 -50
10.503 -100 -50
18.8551 -100 -50
33.0537 -100 -50
57.1912 -100 -50
98.2251 -100 -50
100 -100 -50
-100 -98.2251 -50
-98.2251 -98.2251 -50
-57.1912 -98.2251 -50
-33.0537 -98.2251 -50
-18.8551 -98.2251 -50
-10.503 -98.2251 -50
-5.59 -98.2251 -50
-2.7 -98.2251 -50
-1 -98.2251 -50
0 -98.2251 -50
1 -98.2251 -50
2.7 -98.2251 -50
5.59 -98.2251 -50
10.503 -98.2251 -50
18.8551 -98.2251 -50
33.0537 -98.2251 -50
57.1912 -98.2251 -50
98.2251 -98.2251 -50
100 -98.2251 -50
-100 -57.1912 -50
-98.2251 -57.1912 -50
-57.1912 -57.1912 -50
-33.0537 -57.1912 -50
-18.8551 -57.1912 -50
-10.503 -57.1912 -50
-5.59 -57.1912 -50
-2.7 -57.1912 -50
-1 -57.1912 -50
0 -57.1912 -50
1 -57.1912 -50
2.7 -57.1912 -50
5.59 -57.1912 -50
10.503 -57.1912 -50
18.8551 -57.1912 -50
33.0537 -57.1912 -50
57.1912 -57.1912 -50
98.2251 -57.1912 -50
100 -57.1912 -50
-100 -33.0537 -50
-98.2251 -33.0537 -50
-57.1912 -33.0537 -50
-33.0537 -33.0537 -50
-18.8551 -33.0537 -50
-10.503 -33.0537 -50
-5.59 -33.0537 -50
-2.7 -33.0537 -50
-1 -33.0537 -50
0 -33.0537 -50
1 -33.0537 -50
2.7 -33.0537 -50
5.59 -33.0537 -50
10.503 -33.0537 -50
18.8551 -33.0537 -50
33.0537 -33.0537 -50
57.1912 -33.0537 -50
98.2251 -33.0537 -50
100 -33.0537 -50
-100 -18.8551 -50
-98.2251 -18.8551 -50
-57.1912 -18.8551 -50
-33.0537 -18.8551 -50
-18.8551 -18.8551 -50
-10.503 -18.8551 -50
-5.59 -18.8551 -50
-2.7 -18.8551 -50
-1 -18.8551 -50
0 -18.8551 -50
1 -18.8551 -50
2.7 -18.8551 -50
5.59 -18.8551 -50
10.503 -18.8551 -50
18.8551 -18.8551 -50
33.0537 -18.8551 -50
57.1912 -18.8551 -50
98.2251 -18.8551 -50
100 -18.8551 -50
-100 -10.503 -50
-98.2251 -10.503 -50
-57.1912 -10.503 -50
-33.0537 -10.503 -50
-18.8551 -10.503 -50
-10.503 -10.503 -50
-5.59 -10.503 -50
-2.7 -10.503 -50
-1 -10.503 -50
0 -10.503 -50
1 -10.503 -50
2.7 -10.503 -50
5.59 -10.503 -50
10.503 -10.503 -50
18.8551 -10.503 -50
33.0537 -10.503 -50
57.1912 -10.503 -50
98.2251 -10.503 -50
100 -10.503 -50
-100 -5.59 -50
-98.2251 -5.59 -50
-57.1912 -5.59 -50
-33.0537 -5.59 -50
-18.8551 -5.59 -50
-10.503 -5.59 -50
-5.59 -5.59 -50
-2.7 -5.59 -50
-1 -5.59 -50
0 -5.59 -50
1 -5.59 -50
2.7 -5.59 -50
5.59 -5.59 -50
10.503 -5.59 -50
18.8551 -5.59 -50
33.0537 -5.59 -50
57.1912 -5.59 -50
98.2251 -5.59 -50
100 -5.59 -50
-100 -2.7 -50
-98.2251 -2.7 -50
-57.1912 -2.7 -50
-33.0537 -2.7 -50
-18.8551 -2.7 -50
-10.503 -2.7 -50
-5.59 -2.7 -50
-2.7 -2.7 -50
-1 -2.7 -50
0 -2.7 -50
1 -2.7 -50
2.7 -2.7 -50
5.59 -2.7 -50
10.503 -2.7 -50
18.8551 -2.7 -50
33.0537 -2.7 -50
57.1912 -2.7 -50
98.2251 -2.7 -50
100 -2.7 -50
-100 -1 -50
-98.2251 -1 -50
-57.1912 -1 -50
-33.0537 -1 -50
-18.8551 -1 -50
-10.503 -1 -50
-5.59 -1 -50
-2.7 -1 -50
-1 -1 -50
0 -1 -50
1 -1 -50
2.7 -1 -50
5.59 -1 -50
10.503 -1 -50
18.8551 -1 -50
33.0537 -1 -50
57.1912 -1 -50
98.2251 -1 -50
100 -1 -50
-100 0 -50
-98.2251 0 -50
-57.1912 0 -50
-33.0537 0 -50
-18.8551 0 -50
-10.503 0 -50
-5.59 0 -50
-2.7 0 -50
-1 0 -50
0 0 -50
1 0 -50
2.7 0 -50
5.59 0 -50
10.503 0 -50
18.8551 0 -50
33.0537 0 -50
57.1912 0 -50
98.2251 0 -50
100 0 -50
-100 1 -50
-98.2251 1 -50
-57.1912 1 -50
-33.0537 1 -50
-18.8551 1 -50
-10.503 1 -50
-5.59 1 -50
-2.7 1 -50
-1 1 -50
0 1 -50
1 1 -50
2.7 1 -50
5.59 1 -50
10.503 1 -50
18.8551 1 -50
33.0537 1 -50
57.1912 1 -50
98.2251 1 -50
100 1 -50
-100 2.7 -50
-98.2251 2.7 -50
-57.1912 2.7 -50
-33.0537 2.7 -50
-18.8551 2.7 -50
-10.503 2.7 -50
-5.59 2.7 -50
-2.7 2.7 -50
-1 2.7 -50
0 2.7 -50
1 2.7 -50
2.7 2.7 -50
5.59 2.7 -50
10.503 2.7 -50
18.8551 2.7 -50
33.0537 2.7 -50
57.1912 2.7 -50
98.2251 2.7 -50
100 2.7 -50
-100 5.59 -50
-98.2251 5.59 -50
-57.1912 5.59 -50
-33.0537 5.59 -50
-18.8551 5.59 -50
-10.503 5.59 -50
-5.59 5.59 -50
-2.7 5.59 -50
-1 5.59 -50
0 5.59 -50
1 5.59 -50
2.7 5.59 -50
5.59 5.59 -50
10.503 5.59 -50
18.8551 5.59 -50
33.0537 5.59 -50
57.1912 5.59 -50
98.2251 5.59 -50
100 5.59 -50
-100 10.503 -50
-98.2251 10.503 -50
-57.1912 10.503 -50
-33.0537 10.503 -50
-18.8551 10.503 -50
-10.503 10.503 -50
-5.59 10.503 -50
-2.7 10.503 -50
-1 10.503 -50
0 10.503 -50
1 10.503 -50
2.7 10.503 -50
5.59 10.503 -50
10.503 10.503 -50
18.8551 10.503 -50
33.0537 10.503 -50
57.1912 10.503 -50
98.2251 10.503 -50
100 10.503 -50
-100 18.8551 -50
-98.2251 18.8551 -50
-57.1912 18.8551 -50
-33.0537 18.8551 -50
-18.8551 18.8551 -50
-10.503 18.8551 -50
-5.59 18.8551 -50
-2.7 18.8551 -50
-1 18.8551 -50
0 18.8551 -50
1 18.8551 -50
2.7 18.8551 -50
5.59 18.8551 -50
10.503 18.8551 -50
18.8551 18.8551 -50
33.0537 18.8551 -50
57.1912 18.8551 -50
98.2251 18.8551 -50
100 18.8551 -50
-100 33.0537 -50
-98.2251 33.0537 -50
-57.1912 33.0537 -50
-33.0537 33.0537 -50
-18.8551 33.0537 -50
-10.503 33.0537 -50
-5.59 33.0537 -50
-2.7 33.0537 -50
-1 33.0537 -50
0 33.0537 -50
1 33.0537 -50
2.7 33.0537 -50
5.59 33.0537 -50
10.503 33.0537 -50
18.8551 33.0537 -50
33.0537 33.0537 -50
57.1912 33.0537 -50
98.2251 33.0537 -50
100 33.0537 -50
-100 57.1912 -50
-98.2251 57.1912 -50
-57.1912 57.1912 -50
-33.0537 57.1912 -50
-18.8551 57.1912 -50
-10.503 57.1912 -50
-5.59 57.1912 -50
-2.7 57.1912 -50
-1 57.1912 -50
0 57.1912 -50
1 57.1912 -50
2.7 57.1912 -50
5.59 57.1912 -50
10.503 57.1912 -50
18.8551 57.1912 -50
33.0537 57.1912 -50
57.1912 57.1912 -50
98.2251 57.1912 -50
100 57.1912 -50
-100 80 -50
-98.2251 80 -50
-57.1912 80 -50
-33.0537 80 -50
-18.8551 80 -50
-10.503 80 -50
-5.59 80 -50
-2.7 80 -50
-1 80 -50
0 80 -50
1 80 -50
2.7 80 -50
5.59 80 -50
10.503 80 -50
18.8551 80 -50
33.0537 80 -50
57.1912 80 -50
98.2251 80 -50
100 80 -50
-100 98.2251 -50
-98.2251 98.2251 -50
-57.1912 98.2251 -50
-33.0537 98.2251 -50
-18.8551 98.2251 -50
-10.503 98.2251 -50
-5.59 98.2251 -50
-2.7 98.2251 -50
-1 98.2251 -50
0 98.2251 -50
1 98.2251 -50
2.7 98.2251 -50
5.59 98.2251 -50
10.503 98.2251 -50
18.8551 98.2251 -50
33.0537 98.2251 -50
57.1912 98.2251 -50
98.2251 98.2251 -50
100 98.2251 -50
-100 100 -50
-98.2251 100 -50
-57.1912 100 -50
-33.0537 100 -50
-18.8551 100 -50
-10.503 100 -50
-5.59 100 -50
-2.7 100 -50
-1 100 -50
0 100 -50
1 100 -50
2.7 100 -50
5.59 100 -50
10.503 100 -50
18.8551 100 -50
33.0537 100 -50
57.1912 100 -50
98.2251 100 -50
100 100 -50
-100 -100 -49.1126
-98.2251 -100 -49.1126
-57.1912 -100 -49.1126
-33.0537 -100 -49.1126
-18.8551 -100 -49.1126
-10.503 -100 -49.1126
-5.59 -100 -49.1126
-2.7 -100 -49.1126
-1 -100 -49.1126
0 -100 -49.1126
1 -100 -49.1126
2.7 -100 -49.1126
5.59 -100 -49.1126
10.503 -100 -49.1126
18.8551 -100 -49.1126
33.0537 -100 -49.1126
57.1912 -100 -49.1126
98.2251 -100 -49.1126
100 -100 -49.1126
-100 -98.2251 -49.1126
-98.2251 -98.2251 -49.1126
-57.1912 -98.2251 -49.1126
-33.0537 -98.2251 -49.1126
-18.8551 -98.2251 -49.1126
-10.503 -98.2251 -49.1126
-5.59 -98.2251 -49.1126
-2.7 -98.2251 -49.1126
-1 -98.2251 -49.1126
0 -98.2251 -49.1126
1 -98.2251 -49.1126
2.7 -98.2251 -49.1126
5.59 -98.2251 -49.1126
10.503 -98.2251 -49.1126
18.8551 -98.2251 -49.1126
33.0537 -98.2251 -49.1126
57.1912 -98.2251 -49.1126
98.2251 -98.2251 -49.1126
100 -98.2251 -49.1126
-100 -57.1912 -49.1126
-98.2251 -57.1912 -49.1126
-57.1912 -57.1912 -49.1126
-33.0537 -57.1912 -49.1126
-18.8551 -57.1912 -49.1126
-10.503 -57.1912 -49.1126
-5.59 -57.1912 -49.1126
-2.7 -57.1912 -49.1126
-1 -57.1912 -49.1126
0 -57.1912 -49.1126
1 -57.1912 -49.1126
2.7 -57.1912 -49.1126
5.59 -57.1912 -49.1126
10.503 -57.1912 -49.1126
18.8551 -57.1912 -49.1126
33.0537 -57.1912 -49.1126
57.1912 -57.1912 -49.1126
98.2251 -57.1912 -49.1126
100 -57.1912 -49.1126
-100 -33.0537 -49.1126
-98.2251 -33.0537 -49.1126
-57.1912 -33.0537 -49.1126
-33.0537 -33.0537 -49.1126
-18.8551 -33.0537 -49.1126
-10.503 -33.0537 -49.1126
-5.59 -33.0537 -49.1126
-2.7 -33.0537 -49.1126
-1 -33.0537 -49.1126
0 -33.0537 -49.1126
1 -33.0537 -49.1126
2.7 -33.0537 -49.1126
5.59 -33.0537 -49.1126
10.503 -33.0537 -49.1126
18.8551 -33.0537 -49.1126
33.0537 -33.0537 -49.1126
57.1912 -33.0537 -49.1126
98.2251 -33.0537 -49.1126
100 -33.0537 -49.1126
-100 -18.8551 -49.1126
-98.2251 -18.8551 -49.1126
-57.1912 -18.8551 -49.1126
-33.0537 -18.8551 -49.1126
-18.8551 -18.8551 -49.1126
-10.503 -18.8551 -49.1126
-5.59 -18.8551 -49.1126
-2.7 -18.8551 -49.1126
-1 -18.8551 -49.1126
0 -18.8551 -49.1126
1 -18.8551 -49.1126
2.7 -18.8551 -49.1126
5.59 -18.8551 -49.1126
10.503 -18.8551 -49.1126
18.8551 -18.8551 -49.1126
33.0537 -18.8551 -49.1126
57.1912 -18.8551 -49.1126
98.2251 -18.8551 -49.1126
100 -18.8551 -49.1126
-100 -10.503 -49.1126
-98.2251 -10.503 -49.1126
-57.1912 -10.503 -49.1126
-33.0537 -10.503 -49.1126
-18.8551 -10.503 -49.1126
-10.503 -10.503 -49.1126
-5.59 -10.503 -49.1126
-2.7 -10.503 -49.1126
-1 -10.503 -49.1126
0 -10.503 -49.1126
1 -10.503 -49.1126
2.7 -10.503 -49.1126
5.59 -10.503 -49.1126
10.503 -10.503 -49.1126
18.8551 -10.503 -49.1126
33.0537 -10.503 -49.1126
57.1912 -10.503 -49.1126
98.2251 -10.503 -49.1126
100 -10.503 -49.1126
-100 -5.59 -49.1126
-98.2251 -5.59 -49.1126
-57.1912 -5.59 -49.1126
-33.0537 -5.59 -49.1126
-18.8551 -5.59 -49.1126
-10.503 -5.59 -49.1126
-5.59 -5.59 -49.1126
-2.7 -5.59 -49.1126
-1 -5.59 -49.1126
0 -5.59 -49.1126
1 -5.59 -49.1126
2.7 -5.59 -49.1126
5.59 -5.59 -49.1126
10.503 -5.59 -49.1126
18.8551 -5.59 -49.1126
33.0537 -5.59 -49.1126
57.1912 -5.59 -49.1126
98.2251 -5.59 -49.1126
100 -5.59 -49.1126
-100 -2.7 -49.1126
-98.2251 -2.7 -49.1126
-57.1912 -2.7 -49.1126
-33.0537 -2.7 -49.1126
-18.8551 -2.7 -49.1126
-10.503 -2.7 -49.1126
-5.59 -2.7 -49.1126
-2.7 -2.7 -49.1126
-1 -2.7 -49.1126
0 -2.7 -49.1126
1 -2.7 -49.1126
2.7 -2.7 -49.1126
5.59 -2.7 -49.1126
10.503 -2.7 -49.1126
18.8551 -2.7 -49.1126
33.0537 -2.7 -49.1126
57.1912 -2.7 -49.1126
98.2251 -2.7 -49.1126
100 -2.7 -49.1126
-100 -1 -49.1126
-98.2251 -1 -49.1126
-57.1912 -1 -49.1126
-33.0537 -1 -49.1126
-18.8551 -1 -49.1126
-10.503 -1 -49.1126
-5.59 -1 -49.1126
-2.7 -1 -49.1126
-1 -1 -49.1126
0 -1 -49.1126
1 -1 -49.1126
2.7 -1 -49.1126
5.59 -1 -49.1126
10.503 -1 -49.1126
18.8551 -1 -49.1126
33.0537 -1 -49.1126
57.1912 -1 -49.1126
98.2251 -1 -49.1126
100 -1 -49.1126
-100 0 -49.1126
-98.2251 0 -49.1126
-57.1912 0 -49.1126
-33.0537 0 -49.1126
-18.8551 0 -49.1126
-10.503 0 -49.1126
-5.59 0 -49.1126
-2.7 0 -49.1126
-1 0 -49.1126
0 0 -49.1126
1 0 -49.1126
2.7 0 -49.1126
5.59 0 -49.1126
10.503 0 -49.1126
18.8551 0 -49.1126
33.0537 0 -49.1126
57.1912 0 -49.1126
98.2251 0 -49.1126
100 0 -49.1126
-100 1 -49.1126
-98.2251 1 -49.1126
-57.1912 1 -49.1126
-33.0537 1 -49.1126
-18.8551 1 -49.1126
-10.503 1 -49.1126
-5.59 1 -49.1126
-2.7 1 -49.1126
-1 1 -49.1126
0 1 -49.1126
1 1 -49.1126
2.7 1 -49.1126
5.59 1 -49.1126
10.503 1 -49.1126
18.8551 1 -49.1126
33.0537 1 -49.1126
57.1912 1 -49.1126
98.2251 1 -49.1126
100 1 -49.1126
-100 2.7 -49.1126
-98.2251 2.7 -49.1126
-57.1912 2.7 -49.1126
-33.0537 2.7 -49.1126
-18.8551 2.7 -49.1126
-10.503 2.7 -49.1126
-5.59 2.7 -49.1126
-2.7 2.7 -49.1126
-1 2.7 -49.1126
0 2.7 -49.1126
1 2.7 -49.1126
2.7 2.7 -49.1126
5.59 2.7 -49.1126
10.503 2.7 -49.1126
18.8551 2.7 -49.1126
33.0537 2.7 -49.1126
57.1912 2.7 -49.1126
98.2251 2.7 -49.1126
100 2.7 -49.1126
-100 5.59 -49.1126
-98.2251 5.59 -49.1126
-57.1912 5.59 -49.1126
-33.0537 5.59 -49.1126
-18.8551 5.59 -49.1126
-10.503 5.59 -49.1126
-5.59 5.59 -49.1126
-2.7 5.59 -49.1126
-1 5.59 -49.1126
0 5.59 -49.1126
1 5.59 -49.1126
2.7 5.59 -49.1126
5.59 5.59 -49.1126
10.503 5.59 -49.1126
18.8551 5.59 -49.1126
33.0537 5.59 -49.1126
57.1912 5.59 -49.1126
98.2251 5.59 -49.1126
100 5.59 -49.1126
-100 10.503 -49.1126
-98.2251 10.503 -49.1126
-57.1912 10.503 -49.1126
-33.0537 10.503 -49.1126
-18.8551 10.503 -49.1126
-10.503 10.503 -49.1126
-5.59 10.503 -49.1126
-2.7 10.503 -49.1126
-1 10.503 -49.1126
0 10.503 -49.1126
1 10.503 -49.1126
2.7 10.503 -49.1126
5.59 10.503 -49.1126
10.503 10.503 -49.1126
18.8551 10.503 -49.1126
33.0537 10.503 -49.1126
57.1912 10.503 -49.1126
98.2251 10.503 -49.1126
100 10.503 -49.1126
-100 18.8551 -49.1126
-98.2251 18.8551 -49.1126
-57.1912 18.8551 -49.1126
-33.0537 18.8551 -49.1126
-18.8551 18.8551 -49.1126
-10.503 18.8551 -49.1126
-5.59 18.8551 -49.1126
-2.7 18.8551 -49.1126
-1 18.8551 -49.1126
0 18.8551 -49.1126
1 18.8551 -49.1126
2.7 18.8551 -49.1126
5.59 18.8551 -49.1126
10.503 18.8551 -49.1126
18.8551 18.8551 -49.1126
33.0537 18.8551 -49.1126
57.1912 18.8551 -49.1126
98.2251 18.8551 -49.1126
100 18.8551 -49.1126
-100 33.0537 -49.1126
-98.2251 33.0537 -49.1126
-57.1912 33.0537 -49.1126
-33.0537 33.0537 -49.1126
-18.8551 33.0537 -49.1126
-10.503 33.0537 -49.1126
-5.59 33.0537 -49.1126
-2.7 33.0537 -49.1126
-1 33.0537 -49.1126
0 33.0537 -49.1126
1 33.0537 -49.1126
2.7 33.0537 -49.1126
5.59 33.0537 -49.1126
10.503 33.0537 -49.1126
18.8551 33.0537 -49.1126
33.0537 33.0537 -49.1126
57.1912 33.0537 -49.1126
98.2251 33.0537 -49.1126
100 33.0537 -49.1126
-100 57.1912 -49.1126
-98.2251 57.1912 -49.1126
-57.1912 57.1912 -49.1126
-33.0537 57.1912 -49.1126
-18.8551 57.1912 -49.1126
-10.503 57.1912 -49.1126
-5.59 57.1912 -49.1126
-2.7 57.1912 -49.1126
-1 57.1912 -49.1126
0 57.1912 -49.1126
1 57.1912 -49.1126
2.7 57.1912 -49.1126
5.59 57.1912 -49.1126
10.503 57.1912 -49.1126
18.8551 57.1912 -49.1126
33.0537 57.1912 -49.1126
57.1912 57.1912 -49.1126
98.2251 57.1912 -49.1126
100 57.1912 -49.1126
-100 80 -49.1126
-98.2251 80 -49.1126
-57.1912 80 -49.1126
-33.0537 80 -49.1126
-18.8551 80 -49.1126
-10.503 80 -49.1126
-5.59 80 -49.1126
-2.7 80 -49.1126
-1 80 -49.1126
0 80 -49.1126
1 80 -49.1126
2.7 80 -49.1126
5.59 80 -49.1126
10.503 80 -49.1126
18.8551 80 -49.1126
33.0537 80 -49.1126
57.1912 80 -49.1126
98.2251 80 -49.1126
100 80 -49.1126
-100 98.2251 -49.1126
-98.2251 98.2251 -49.1126
-57.1912 98.2251 -49.1126
-33.0537 98.2251 -49.1126
-18.8551 98.2251 -49.1126
-10.503 98.2251 -49.1126
-5.59 98.2251 -49.1126
-2.7 98.2251 -49.1126
-1 98.2251 -49.1126
0 98.2251 -49.1126
1 98.2251 -49.1126
2.7 98.2251 -49.1126
5.59 98.2251 -49.1126
10.503 98.2251 -49.1126
18.8551 98.2251 -49.1126
33.0537 98.2251 -49.1126
57.1912 98.2251 -49.1126
98.2251 98.2251 -49.1126
100 98.2251 -49.1126
-100 100 -49.1126
-98.2251 100 -49.1126
-57.1912 100 -49.1126
-33.0537 100 -49.1126
-18.8551 100 -49.1126
-10.503 100 -49.1126
-5.59 100 -49.1126
-2.7 100 -49.1126
-1 100 -49.1126
0 100 -49.1126
1 100 -49.1126
2.7 100 -49.1126
5.59 100 -49.1126
10.503 100 -49.1126
18.8551 100 -49.1126
33.0537 100 -49.1126
57.1912 100 -49.1126
98.2251 100 -49.1126
100 100 -49.1126
-100 -100 -28.5956
-98.2251 -100 -28.5956
-57.1912 -100 -28.5956
-33.0537 -100 -28.5956
-18.8551 -100 -28.5956
-10.503 -100 -28.5956
-5.59 -100 -28.5956
-2.7 -100 -28.5956
-1 -100 -28.5956
0 -100 -28.5956
1 -100 -28.5956
2.7 -100 -28.5956
5.59 -100 -28.5956
10.503 -100 -28.5956
18.8551 -100 -28.5956
33.0537 -100 -28.5956
57.1912 -100 -28.5956
98.2251 -100 -28.5956
100 -100 -28.5956
-100 -98.2251 -28.5956
-98.2251 -98.2251 -28.5956
-57.1912 -98.2251 -28.5956
-33.0537 -98.2251 -28.5956
-18.8551 -98.2251 -28.5956
-10.503 -98.2251 -28.5956
-5.59 -98.2251 -28.5956
-2.7 -98.2251 -28.5956
-1 -98.2251 -28.5956
0 -98.2251 -28.5956
1 -98.2251 -28.5956
2.7 -98.2251 -28.5956
5.59 -98.2251 -28.5956
10.503 -98.2251 -28.5956
18.8551 -98.2251 -28.5956
33.0537 -98.2251 -28.5956
57.1912 -98.2251 -28.5956
98.2251 -98.2251 -28.5956
100 -98.2251 -28.5956
-100 -57.1912 -28.5956
-98.2251 -57.1912 -28.5956
-57.1912 -57.1912 -28.5956
-33.0537 -57.1912 -28.5956
-18.8551 -57.1912 -28.5956
-10.503 -57.1912 -28.5956
-5.59 -57.1912 -28.5956
-2.7 -57.1912 -28.5956
-1 -57.1912 -28.5956
0 -57.1912 -28.5956
1 -57.1912 -28.5956
2.7 -57.1912 -28.5956
5.59 -57.1912 -28.5956
10.503 -57.1912 -28.5956
18.8551 -57.1912 -28.5956
33.0537 -57.1912 -28.5956
57.1912 -57.1912 -28.5956
98.2251 -57.1912 -28.5956
100 -57.1912 -28.5956
-100 -33.0537 -28.5956
-98.2251 -33.0537 -28.5956
-57.1912 -33.0537 -28.5956
-33.0537 -33.0537 -28.5956
-18.8551 -33.0537 -28.5956
-10.503 -33.0537 -28.5956
-5.59 -33.0537 -28.5956
-2.7 -33.0537 -28.5956
-1 -33.0537 -28.5956
0 -33.0537 -28.5956
1 -33.0537 -28.5956
2.7 -33.0537 -28.5956
5.59 -33.0537 -28.5956
10.503 -33.0537 -28.5956
18.8551 -33.0537 -28.5956
33.0537 -33.0537 -28.5956
57.1912 -33.0537 -28.5956
98.2251 -33.0537 -28.5956
100 -33.0537 -28.5956
-100 -18.8551 -28.5956
-98.2251 -18.8551 -28.5956
-57.1912 -18.8551 -28.5956
-33.0537 -18.8551 -28.5956
-18.8551 -18.8551 -28.5956
-10.503 -18.8551 -28.5956
-5.59 -18.8551 -28.5956
-2.7 -18.8551 -28.5956
-1 -18.8551 -28.5956
0 -18.8551 -28.5956
1 -18.8551 -28.5956
2.7 -18.8551 -28.5956
5.59 -18.8551 -28.5956
10.503 -18.8551 -28.5956
18.8551 -18.8551 -28.5956
33.0537 -18.8551 -28.5956
57.1912 -18.8551 -28.5956
98.2251 -18.8551 -28.5956
100 -18.8551 -28.5956
-100 -10.503 -28.5956
-98.2251 -10.503 -28.5956
-57.1912 -10.503 -28.5956
-33.0537 -10.503 -28.5956
-18.8551 -10.503 -28.5956
-10.503 -10.503 -28.5956
-5.59 -10.503 -28.5956
-2.7 -10.503 -28.5956
-1 -10.503 -28.5956
0 -10.503 -28.5956
1 -10.503 -28.5956
2.7 -10.503 -28.5956
5.59 -10.503 -28.5956
10.503 -10.503 -28.5956
18.8551 -10.503 -28.5956
33.0537 -10.503 -28.5956
57.1912 -10.503 -28.5956
98.2251 -10.503 -28.5956
100 -10.503 -28.5956
-100 -5.59 -28.5956
-98.2251 -5.59 -28.5956
-57.1912 -5.59 -28.5956
-33.0537 -5.59 -28.5956
-18.8551 -5.59 -28.5956
-10.503 -5.59 -28.5956
-5.59 -5.59 -28.5956
-2.7 -5.59 -28.5956
-1 -5.59 -28.5956
0 -5.59 -28.5956
1 -5.59 -28.5956
2.7 -5.59 -28.5956
5.59 -5.59 -28.5956
10.503 -5.59 -28.5956
18.8551 -5.59 -28.5956
33.0537 -5.59 -28.5956
57.1912 -5.59 -28.5956
98.2251 -5.59 -28.5956
100 -5.59 -28.5956
-100 -2.7 -28.5956
-98.2251 -2.7 -28.5956
-57.1912 -2.7 -28.5956
-33.0537 -2.7 -28.5956
-18.8551 -2.7 -28.5956
-10.503 -2.7 -28.5956
-5.59 -2.7 -28.5956
-2.7 -2.7 -28.5956
-1 -2.7 -28.5956
0 -2.7 -28.5956
1 -2.7 -28.5956
2.7 -2.7 -28.5956
5.59 -2.7 -28.5956
10.503 -2.7 -28.5956
18.8551 -2.7 -28.5956
33.0537 -2.7 -28.5956
57.1912 -2.7 -28.5956
98.2251 -2.7 -28.5956
100 -2.7 -28.5956
-100 -1 -28.5956
-98.2251 -1 -28.5956
-57.1912 -1 -28.5956
-33.0537 -1 -28.5956
-18.8551 -1 -28.5956
-10.503 -1 -28.5956
-5.59 -1 -28.5956
-2.7 -1 -28.5956
-1 -1 -28.5956
0 -1 -28.5956
1 -1 -28.5956
2.7 -1 -28.5956
5.59 -1 -28.5956
10.503 -1 -28.5956
18.8551 -1 -28.5956
33.0537 -1 -28.5956
57.1912 -1 -28.5956
98.2251 -1 -28.5956
100 -1 -28.5956
-100 0 -28.5956
-98.2251 0 -28.5956
-57.1912 0 -28.5956
-33.0537 0 -28.5956
-18.8551 0 -28.5956
-10.503 0 -28.5956
-5.59 0 -28.5956
-2.7 0 -28.5956
-1 0 -28.5956
0 0 -28.5956
1 0 -28.5956
2.7 0 -28.5956
5.59 0 -28.5956
10.503 0 -28.5956
18.8551 0 -28.5956
33.0537 0 -28.5956
57.1912 0 -28.5956
98.2251 0 -28.5956
100 0 -28.5956
-100 1 -28.5956
-98.2251 1 -28.5956
-57.1912 1 -28.5956
-33.0537 1 -28.5956
-18.8551 1 -28.5956
-10.503 1 -28.5956
-5.59 1 -28.5956
-2.7 1 -28.5956
-1 1 -28.5956
0 1 -28.5956
1 1 -28.5956
2.7 1 -28.5956
5.59 1 -28.5956
10.503 1 -28.5956
18.8551 1 -28.5956
33.0537 1 -28.5956
57.1912 1 -28.5956
98.2251 1 -28.5956
100 1 -28.5956
-100 2.7 -28.5956
-98.2251 2.7 -28.5956
-57.1912 2.7 -28.5956
-33.0537 2.7 -28.5956
-18.8551 2.7 -28.5956
-10.503 2.7 -28.5956
-5.59 2.7 -28.5956
-2.7 2.7 -28.5956
-1 2.7 -28.5956
0 2.7 -28.5956
1 2.7 -28.5956
2.7 2.7 -28.5956
5.59 2.7 -28.5956
10.503 2.7 -28.5956
18.8551 2.7 -28.5956
33.0537 2.7 -28.5956
57.1912 2.7 -28.5956
98.2251 2.7 -28.5956
100 2.7 -28.5956
-100 5.59 -28.5956
-98.2251 5.59 -28.5956
-57.1912 5.59 -28.5956
-33.0537 5.59 -28.5956
-18.8551 5.59 -28.5956
-10.503 5.59 -28.5956
-5.59 5.59 -28.5956
-2.7 5.59 -28.5956
-1 5.59 -28.5956
0 5.59 -28.5956
1 5.59 -28.5956
2.7 5.59 -28.5956
5.59 5.59 -28.5956
10.503 5.59 -28.5956
18.8551 5.59 -28.5956
33.0537 5.59 -28.5956
57.1912 5.59 -28.5956
98.2251 5.59 -28.5956
100 5.59 -28.5956
-100 10.503 -28.5956
-98.2251 10.503 -28.5956
-57.1912 10.503 -28.5956
-33.0537 10.503 -28.5956
-18.8551 10.503 -28.5956
-10.503 10.503 -28.5956
-5.59 10.503 -28.5956
-2.7 10.503 -28.5956
-1 10.503 -28.5956
0 10.503 -28.5956
1 10.503 -28.5956
2.7 10.503 -28.5956
5.59 10.503 -28.5956
10.503 10.503 -28.5956
18.8551 10.503 -28.5956
33.0537 10.503 -28.5956
57.1912 10.503 -28.5956
98.2251 10.503 -28.5956
100 10.503 -28.5956
-100 18.8551 -28.5956
-98.2251 18.8551 -28.5956
-57.1912 18.8551 -28.5956
-33.0537 18.8551 -28.5956
-18.8551 18.8551 -28.5956
-10.503 18.8551 -28.5956
-5.59 18.8551 -28.5956
-2.7 18.8551 -28.5956
-1 18.8551 -28.5956
0 18.8551 -28.5956
1 18.8551 -28.5956
2.7 18.8551 -28.5956
5.59 18.8551 -28.5956
10.503 18.8551 -28.5956
18.8551 18.8551 -28.5956
33.0537 18.8551 -28.5956
57.1912 18.8551 -28.5956
98.2251 18.8551 -28.5956
100 18.8551 -28.5956
-100 33.0537 -28.5956
-98.2251 33.0537 -28.5956
-57.1912 33.0537 -28.5956
-33.0537 33.0537 -28.5956
-18.8551 33.0537 -28.5956
-10.503 33.0537 -28.5956
-5.59 33.0537 -28.5956
-2.7 33.0537 -28.5956
-1 33.0537 -28.5956
0 33.0537 -28.5956
1 33.0537 -28.5956
2.7 33.0537 -28.5956
5.59 33.0537 -28.5956
10.503 33.0537 -28.5956
18.8551 33.0537 -28.5956
33.0537 33.0537 -28.5956
57.1912 33.0537 -28.5956
98.2251 33.0537 -28.5956
100 33.0537 -28.5956
-100 57.1912 -28.5956
-98.2251 57.1912 -28.5956
-57.1912 57.1912 -28.5956
-33.0537 57.1912 -28.5956
-18.8551 57.1912 -28.5956
-10.503 57.1912 -28.5956
-5.59 57.1912 -28.5956
-2.7 57.1912 -28.5956
-1 57.1912 -28.5956
0 57.1912 -28.5956
1 57.1912 -28.5956
2.7 57.1912 -28.5956
5.59 57.1912 -28.5956
10.503 57.1912 -28.5956
18.8551 57.1912 -28.5956
33.0537 57.1912 -28.5956
57.1912 57.1912 -28.5956
98.2251 57.1912 -28.5956
100 57.1912 -28.5956
-100 80 -28.5956
-98.2251 80 -28.5956
-57.1912 80 -28.5956
-33.0537 80 -28.5956
-18.8551 80 -28.5956
-10.503 80 -28.5956
-5.59 80 -28.5956
-2.7 80 -28.5956
-1 80 -28.5956
0 80 -28.5956
1 80 -28.5956
2.7 80 -28.5956
5.59 80 -28.5956
10.503 80 -28.5956
18.8551 80 -28.5956
33.0537 80 -28.5956
57.1912 80 -28.5956
98.2251 80 -28.5956
100 80 -28.5956
-100 98.2251 -28.5956
-98.2251 98.2251 -28.5956
-57.1912 98.2251 -28.5956
-33.0537 98.2251 -28.5956
-18.8551 98.2251 -28.5956
-10.503 98.2251 -28.5956
-5.59 98.2251 -28.5956
-2.7 98.2251 -28.5956
-1 98.2251 -28.5956
0 98.2251 -28.5956
1 98.2251 -28.5956
2.7 98.2251 -28.5956
5.59 98.2251 -28.5956
10.503 98.2251 -28.5956
18.8551 98.2251 -28.5956
33.0537 98.2251 -28.5956
57.1912 98.2251 -28.5956
98.2251 98.2251 -28.5956
100 98.2251 -28.5956
-100 100 -28.5956
-98.2251 100 -28.5956
-57.1912 100 -28.5956
-33.0537 100 -28.5956
-18.8551 100 -28.5956
-10.503 100 -28.5956
-5.59 100 -28.5956
-2.7 100 -28.5956
-1 100 -28.5956
0 100 -28.5956
1 100 -28.5956
2.7 100 -28.5956
5.59 100 -28.5956
10.503 100 -28.5956
18.8551 100 -28.5956
33.0537 100 -28.5956
57.1912 100 -28.5956
98.2251 100 -28.5956
100 100 -28.5956
-100 -100 -16.5268
-98.2251 -100 -16.5268
-57.1912 -100 -16.5268
-33.0537 -100 -16.5268
-18.8551 -100 -16.5268
-10.503 -100 -16.5268
-5.59 -100 -16.5268
-2.7 -100 -16.5268
-1 -100 -16.5268
0 -100 -16.5268
1 -100 -16.5268
2.7 -100 -16.5268
5.59 -100 -16.5268
10.503 -100 -16.5268
18.8551 -100 -16.5268
33.0537 -100 -16.5268
57.1912 -100 -16.5268
98.2251 -100 -16.5268
100 -100 -16.5268
-100 -98.2251 -16.5268
-98.2251 -98.2251 -16.5268
-57.1912 -98.2251 -16.5268
-33.0537 -98.2251 -16.5268
-18.8551 -98.2251 -16.5268
-10.503 -98.2251 -16.5268
-5.59 -98.2251 -16.5268
-2.7 -98.2251 -16.5268
-1 -98.2251 -16.5268
0 -98.2251 -16.5268
1 -98.2251 -16.5268
2.7 -98.2251 -16.5268
5.59 -98.2251 -16.5268
10.503 -98.2251 -16.5268
18.8551 -98.2251 -16.5268
33.0537 -98.2251 -16.5268
57.1912 -98.2251 -16.5268
98.2251 -98.2251 -16.5268
100 -98.2251 -16.5268
-100 -57.1912 -16.5268
-98.2251 -57.1912 -16.5268
-57.1912 -57.1912 -16.5268
-33.0537 -57.1912 -16.5268
-18.8551 -57.1912 -16.5268
-10.503 -57.1912 -16.5268
-5.59 -57.1912 -16.5268
-2.7 -57.1912 -16.5268
-1 -57.1912 -16.5268
0 -57.1912 -16.5268
1 -57.1912 -16.5268
2.7 -57.1912 -16.5268
5.59 -57.1912 -16.5268
10.503 -57.1912 -16.5268
18.8551 -57.1912 -16.5268
33.0537 -57.1912 -16.5268
57.1912 -57.1912 -16.5268
98.2251 -57.1912 -16.5268
100 -57.1912 -16.5268
-100 -33.0537 -16.5268
-98.2251 -33.0537 -16.5268
-57.1912 -33.0537 -16.5268
-33.0537 -33.0537 -16.5268
-18.8551 -33.0537 -16.5268
-10.503 -33.0537 -16.5268
-5.59 -33.0537 -16.5268
-2.7 -33.0537 -16.5268
-1 -33.0537 -16.5268
0 -33.0537 -16.5268
1 -33.0537 -16.5268
2.7 -33.0537 -16.5268
5.59 -33.0537 -16.5268
10.503 -33.0537 -16.5268
18.8551 -33.0537 -16.5268
33.0537 -33.0537 -16.5268
57.1912 -33.0537 -16.5268
98.2251 -33.0537 -16.5268
100 -33.0537 -16.5268
-100 -18.8551 -16.5268
-98.2251 -18.8551 -16.5268
-57.1912 -18.8551 -16.5268
-33.0537 -18.8551 -16.5268
-18.8551 -18.8551 -16.5268
-10.503 -18.8551 -16.5268
-5.59 -18.8551 -16.5268
-2.7 -18.8551 -16.5268
-1 -18.8551 -16.5268
0 -18.8551 -16.5268
1 -18.8551 -16.5268
2.7 -18.8551 -16.5268
5.59 -18.8551 -16.5268
10.503 -18.8551 -16.5268
18.8551 -18.8551 -16.5268
33.0537 -18.8551 -16.5268
57.1912 -18.8551 -16.5268
98.2251 -18.8551 -16.5268
100 -18.8551 -16.5268
-100 -10.503 -16.5268
-98.2251 -10.503 -16.5268
-57.1912 -10.503 -16.5268
-33.0537 -10.503 -16.5268
-18.8551 -10.503 -16.5268
-10.503 -10.503 -16.5268
-5.59 -10.503 -16.5268
-2.7 -10.503 -16.5268
-1 -10.503 -16.5268
0 -10.503 -16.5268
1 -10.503 -16.5268
2.7 -10.503 -16.5268
5.59 -10.503 -16.5268
10.503 -10.503 -16.5268
18.8551 -10.503 -16.5268
33.0537 -10.503 -16.5268
57.1912 -10.503 -16.5268
98.2251 -10.503 -16.5268
100 -10.503 -16.5268
-100 -5.59 -16.5268
-98.2251 -5.59 -16.5268
-57.1912 -5.59 -16.5268
-33.0537 -5.59 -16.5268
-18.8551 -5.59 -16.5268
-10.503 -5.59 -16.5268
-5.59 -5.59 -16.5268
-2.7 -5.59 -16.5268
-1 -5.59 -16.5268
0 -5.59 -16.5268
1 -5.59 -16.5268
2.7 -5.59 -16.5268
5.59 -5.59 -16.5268
10.503 -5.59 -16.5268
18.8551 -5.59 -16.5268
33.0537 -5.59 -16.5268
57.1912 -5.59 -16.5268
98.2251 -5.59 -16.5268
100 -5.59 -16.5268
-100 -2.7 -16.5268
-98.2251 -2.7 -16.5268
-57.1912 -2.7 -16.5268
-33.0537 -2.7 -16.5268
-18.8551 -2.7 -16.5268
-10.503 -2.7 -16.5268
-5.59 -2.7 -16.5268
-2.7 -2.7 -16.5268
-1 -2.7 -16.5268
0 -2.7 -16.5268
1 -2.7 -16.5268
2.7 -2.7 -16.5268
5.59 -2.7 -16.5268
10.503 -2.7 -16.5268
18.8551 -2.7 -16.5268
33.0537 -2.7 -16.5268
57.1912 -2.7 -16.5268
98.2251 -2.7 -16.5268
100 -2.7 -16.5268
-100 -1 -16.5268
-98.2251 -1 -16.5268
-57.1912 -1 -16.5268
-33.0537 -1 -16.5268
-18.8551 -1 -16.5268
-10.503 -1 -16.5268
-5.59 -1 -16.5268
-2.7 -1 -16.5268
-1 -1 -16.5268
0 -1 -16.5268
1 -1 -16.5268
2.7 -1 -16.5268
5.59 -1 -16.5268
10.503 -1 -16.5268
18.8551 -1 -16.5268
33.0537 -1 -16.5268
57.1912 -1 -16.5268
98.2251 -1 -16.5268
100 -1 -16.5268
-100 0 -16.5268
-98.2251 0 -16.5268
-57.1912 0 -16.5268
-33.0537 0 -16.5268
-18.8551 0 -16.5268
-10.503 0 -16.5268
-5.59 0 -16.5268
-2.7 0 -16.5268
-1 0 -16.5268
0 0 -16.5268
1 0 -16.5268
2.7 0 -16.5268
5.59 0 -16.5268
10.503 0 -16.5268
18.8551 0 -16.5268
33.0537 0 -16.5268
57.1912 0 -16.5268
98.2251 0 -16.5268
100 0 -16.5268
-100 1 -16.5268
-98.2251 1 -16.5268
-57.1912 1 -16.5268
-33.0537 1 -16.5268
-18.8551 1 -16.5268
-10.503 1 -16.5268
-5.59 1 -16.5268
-2.7 1 -16.5268
-1 1 -16.5268
0 1 -16.5268
1 1 -16.5268
2.7 1 -16.5268
5.59 1 -16.5268
10.503 1 -16.5268
18.8551 1 -16.5268
33.0537 1 -16.5268
57.1912 1 -16.5268
98.2251 1 -16.5268
100 1 -16.5268
-100 2.7 -16.5268
-98.2251 2.7 -16.5268
-57.1912 2.7 -16.5268
-33.0537 2.7 -16.5268
-18.8551 2.7 -16.5268
-10.503 2.7 -16.5268
-5.59 2.7 -16.5268
-2.7 2.7 -16.5268
-1 2.7 -16.5268
0 2.7 -16.5268
1 2.7 -16.5268
2.7 2.7 -16.5268
5.59 2.7 -16.5268
10.503 2.7 -16.5268
18.8551 2.7 -16.5268
33.0537 2.7 -16.5268
57.1912 2.7 -16.5268
98.2251 2.7 -16.5268
100 2.7 -16.5268
-100 5.59 -16.5268
-98.2251 5.59 -16.5268
-57.1912 5.59 -16.5268
-33.0537 5.59 -16.5268
-18.8551 5.59 -16.5268
-10.503 5.59 -16.5268
-5.59 5.59 -16.5268
-2.7 5.59 -16.5268
-1 5.59 -16.5268
0 5.59 -16.5268
1 5.59 -16.5268
2.7 5.59 -16.5268
5.59 5.59 -16.5268
10.503 5.59 -16.5268
18.8551 5.59 -16.5268
33.0537 5.59 -16.5268
57.1912 5.59 -16.5268
98.2251 5.59 -16.5268
100 5.59 -16.5268
-100 10.503 -16.5268
-98.2251 10.503 -16.5268
-57.1912 10.503 -16.5268
-33.0537 10.503 -16.5268
-18.8551 10.503 -16.5268
-10.503 10.503 -16.5268
-5.59 10.503 -16.5268
-2.7 10.503 -16.5268
-1 10.503 -16.5268
0 10.503 -16.5268
1 10.503 -16.5268
2.7 10.503 -16.5268
5.59 10.503 -16.5268
10.503 10.503 -16.5268
18.8551 10.503 -16.5268
33.0537 10.503 -16.5268
57.1912 10.503 -16.5268
98.2251 10.503 -16.5268
100 10.503 -16.5268
-100 18.8551 -16.5268
-98.2251 18.8551 -16.5268
-57.1912 18.8551 -16.5268
-33.0537 18.8551 -16.5268
-18.8551 18.8551 -16.5268
-10.503 18.8551 -16.5268
-5.59 18.8551 -16.5268
-2.7 18.8551 -16.5268
-1 18.8551 -16.5268
0 18.8551 -16.5268
1 18.8551 -16.5268
2.7 18.8551 -16.5268
5.59 18.8551 -16.5268
10.503 18.8551 -16.5268
18.8551 18.8551 -16.5268
33.0537 18.8551 -16.5268
57.1912 18.8551 -16.5268
98.2251 18.8551 -16.5268
100 18.8551 -16.5268
-100 33.0537 -16.5268
-98.2251 33.0537 -16.5268
-57.1912 33.0537 -16.5268
-33.0537 33.0537 -16.5268
-18.8551 33.0537 -16.5268
-10.503 33.0537 -16.5268
-5.59 33.0537 -16.5268
-2.7 33.0537 -16.5268
-1 33.0537 -16.5268
0 33.0537 -16.5268
1 33.0537 -16.5268
2.7 33.0537 -16.5268
5.59 33.0537 -16.5268
10.503 33.0537 -16.5268
18.8551 33.0537 -16.5268
33.0537 33.0537 -16.5268
57.1912 33.0537 -16.5268
98.2251 33.0537 -16.5268
100 33.0537 -16.5268
-100 57.1912 -16.5268
-98.2251 57.1912 -16.5268
-57.1912 57.1912 -16.5268
-33.0537 57.1912 -16.5268
-18.8551 57.1912 -16.5268
-10.503 57.1912 -16.5268
-5.59 57.1912 -16.5268
-2.7 57.1912 -16.5268
-1 57.1912 -16.5268
0 57.1912 -16.5268
1 57.1912 -16.5268
2.7 57.1912 -16.5268
5.59 57.1912 -16.5268
10.503 57.1912 -16.5268
18.8551 57.1912 -16.5268
33.0537 57.1912 -16.5268
57.1912 57.1912 -16.5268
98.2251 57.1912 -16.5268
100 57.1912 -16.5268
-100 80 -16.5268
-98.2251 80 -16.5268
-57.1912 80 -16.5268
-33.0537 80 -16.5268
-18.8551 80 -16.5268
-10.503 80 -16.5268
-5.59 80 -16.5268
-2.7 80 -16.5268
-1 80 -16.5268
0 80 -16.5268
1 80 -16.5268
2.7 80 -16.5268
5.59 80 -16.5268
10.503 80 -16.5268
18.8551 80 -16.5268
33.0537 80 -16.5268
57.1912 80 -16.5268
98.2251 80 -16.5268
100 80 -16.5268
-100 98.2251 -16.5268
-98.2251 98.2251 -16.5268
-57.1912 98.2251 -16.5268
-33.0537 98.2251 -16.5268
-18.8551 98.2251 -16.5268
-10.503 98.2251 -16.5268
-5.59 98.2251 -16.5268
-2.7 98.2251 -16.5268
-1 98.2251 -16.5268
0 98.2251 -16.5268
1 98.2251 -16.5268
2.7 98.2251 -16.5268
5.59 98.2251 -16.5268
10.503 98.2251 -16.5268
18.8551 98.2251 -16.5268
33.0537 98.2251 -16.5268
57.1912 98.2251 -16.5268
98.2251 98.2251 -16.5268
100 98.2251 -16.5268
-100 100 -16.5268
-98.2251 100 -16.5268
-57.1912 100 -16.5268
-33.0537 100 -16.5268
-18.8551 100 -16.5268
-10.503 100 -16.5268
-5.59 100 -16.5268
-2.7 100 -16.5268
-1 100 -16.5268
0 100 -16.5268
1 100 -16.5268
2.7 100 -16.5268
5.59 100 -16.5268
10.503 100 -16.5268
18.8551 100 -16.5268
33.0537 100 -16.5268
57.1912 100 -16.5268
98.2251 100 -16.5268
100 100 -16.5268
-100 -100 -9.42755
-98.2251 -100 -9.42755
-57.1912 -100 -9.42755
-33.0537 -100 -9.42755
-18.8551 -100 -9.42755
-10.503 -100 -9.42755
-5.59 -100 -9.42755
-2.7 -100 -9.42755
-1 -100 -9.42755
0 -100 -9.42755
1 -100 -9.42755
2.7 -100 -9.42755
5.59 -100 -9.42755
10.503 -100 -9.42755
18.8551 -100 -9.42755
33.0537 -100 -9.42755
57.1912 -100 -9.42755
98.2251 -100 -9.42755
100 -100 -9.42755
-100 -98.2251 -9.42755
-98.2251 -98.2251 -9.42755
-57.1912 -98.2251 -9.42755
-33.0537 -98.2251 -9.42755
-18.8551 -98.2251 -9.42755
-10.503 -98.2251 -9.42755
-5.59 -98.2251 -9.42755
-2.7 -98.2251 -9.42755
-1 -98.2251 -9.42755
0 -98.2251 -9.42755
1 -98.2251 -9.42755
2.7 -98.2251 -9.42755
5.59 -98.2251 -9.42755
10.503 -98.2251 -9.42755
18.8551 -98.2251 -9.42755
33.0537 -98.2251 -9.42755
57.1912 -98.2251 -9.42755
98.2251 -98.2251 -9.42755
100 -98.2251 -9.42755
-100 -57.1912 -9.42755
-98.2251 -57.1912 -9.42755
-57.1912 -57.1912 -9.42755
-33.0537 -57.1912 -9.42755
-18.8551 -57.1912 -9.42755
-10.503 -57.1912 -9.42755
-5.59 -57.1912 -9.42755
-2.7 -57.1912 -9.42755
-1 -57.1912 -9.42755
0 -57.1912 -9.42755
1 -57.1912 -9.42755
2.7 -57.1912 -9.42755
5.59 -57.1912 -9.42755
10.503 -57.1912 -9.42755
18.8551 -57.1912 -9.42755
33.0537 -57.1912 -9.42755
57.1912 -57.1912 -9.42755
98.2251 -57.1912 -9.42755
100 -57.1912 -9.42755
-100 -33.0537 -9.42755
-98.2251 -33.0537 -9.42755
-57.1912 -33.0537 -9.42755
-33.0537 -33.0537 -9.42755
-18.8551 -33.0537 -9.42755
-10.503 -33.0537 -9.42755
-5.59 -33.0537 -9.42755
-2.7 -33.0537 -9.42755
-1 -33.0537 -9.42755
0 -33.0537 -9.42755
1 -33.0537 -9.42755
2.7 -33.0537 -9.42755
5.59 -33.0537 -9.42755
10.503 -33.0537 -9.42755
18.8551 -33.0537 -9.42755
33.0537 -33.0537 -9.42755
57.1912 -33.0537 -9.42755
98.2251 -33.0537 -9.42755
100 -33.0537 -9.42755
-100 -18.8551 -9.42755
-98.2251 -18.8551 -9.42755
-57.1912 -18.8551 -9.42755
-33.0537 -18.8551 -9.42755
-18.8551 -18.8551 -9.42755
-10.503 -18.8551 -9.42755
-5.59 -18.8551 -9.42755
-2.7 -18.8551 -9.42755
-1 -18.8551 -9.42755
0 -18.8551 -9.42755
1 -18.8551 -9.42755
2.7 -18.8551 -9.42755
5.59 -18.8551 -9.42755
10.503 -18.8551 -9.42755
18.8551 -18.8551 -9.42755
33.0537 -18.8551 -9.42755
57.1912 -18.8551 -9.42755
98.2251 -18.8551 -9.42755
100 -18.8551 -9.42755
-100 -10.503 -9.42755
-98.2251 -10.503 -9.42755
-57.1912 -10.503 -9.42755
-33.0537 -10.503 -9.42755
-18.8551 -10.503 -9.42755
-10.503 -10.503 -9.42755
-5.59 -10.503 -9.42755
-2.7 -10.503 -9.42755
-1 -10.503 -9.42755
0 -10.503 -9.42755
1 -10.503 -9.42755
2.7 -10.503 -9.42755
5.59 -10.503 -9.42755
10.503 -10.503 -9.42755
18.8551 -10.503 -9.42755
33.0537 -10.503 -9.42755
57.1912 -10.503 -9.42755
98.2251 -10.503 -9.42755
100 -10.503 -9.42755
-100 -5.59 -9.42755
-98.2251 -5.59 -9.42755
-57.1912 -5.59 -9.42755
-33.0537 -5.59 -9.42755
-18.8551 -5.59 -9.42755
-10.503 -5.59 -9.42755
-5.59 -5.59 -9.42755
-2.7 -5.59 -9.42755
-1 -5.59 -9.42755
0 -5.59 -9.42755
1 -5.59 -9.42755
2.7 -5.59 -9.42755
5.59 -5.59 -9.42755
10.503 -5.59 -9.42755
18.8551 -5.59 -9.42755
33.0537 -5.59 -9.42755
57.1912 -5.59 -9.42755
98.2251 -5.59 -9.42755
100 -5.59 -9.42755
-100 -2.7 -9.42755
-98.2251 -2.7 -9.42755
-57.1912 -2.7 -9.42755
-33.0537 -2.7 -9.42755
-18.8551 -2.7 -9.42755
-10.503 -2.7 -9.42755
-5.59 -2.7 -9.42755
-2.7 -2.7 -9.42755
-1 -2.7 -9.42755
0 -2.7 -9.42755
1 -2.7 -9.42755
2.7 -2.7 -9.42755
5.59 -2.7 -9.42755
10.503 -2.7 -9.42755
18.8551 -2.7 -9.42755
33.0537 -2.7 -9.42755
57.1912 -2.7 -9.42755
98.2251 -2.7 -9.42755
100 -2.7 -9.42755
-100 -1 -9.42755
-98.2251 -1 -9.42755
-57.1912 -1 -9.42755
-33.0537 -1 -9.42755
-18.8551 -1 -9.42755
-10.503 -1 -9.42755
-5.59 -1 -9.42755
-2.7 -1 -9.42755
-1 -1 -9.42755
0 -1 -9.42755
1 -1 -9.42755
2.7 -1 -9.42755
5.59 -1 -9.42755
10.503 -1 -9.42755
18.8551 -1 -9.42755
33.0537 -1 -9.42755
57.1912 -1 -9.42755
98.2251 -1 -9.42755
100 -1 -9.42755
-100 0 -9.42755
-98.2251 0 -9.42755
-57.1912 0 -9.42755
-33.0537 0 -9.42755
-18.8551 0 -9.42755
-10.503 0 -9.42755
-5.59 0 -9.42755
-2.7 0 -9.42755
-1 0 -9.42755
0 0 -9.42755
1 0 -9.42755
2.7 0 -9.42755
5.59 0 -9.42755
10.503 0 -9.42755
18.8551 0 -9.42755
33.0537 0 -9.42755
57.1912 0 -9.42755
98.2251 0 -9.42755
100 0 -9.42755
-100 1 -9.42755
-98.2251 1 -9.42755
-57.1912 1 -9.42755
-33.0537 1 -9.42755
-18.8551 1 -9.42755
-10.503 1 -9.42755
-5.59 1 -9.42755
-2.7 1 -9.42755
-1 1 -9.42755
0 1 -9.42755
1 1 -9.42755
2.7 1 -9.42755
5.59 1 -9.42755
10.503 1 -9.42755
18.8551 1 -9.42755
33.0537 1 -9.42755
57.1912 1 -9.42755
98.2251 1 -9.42755
100 1 -9.42755
-100 2.7 -9.42755
-98.2251 2.7 -9.42755
-57.1912 2.7 -9.42755
-33.0537 2.7 -9.42755
-18.8551 2.7 -9.42755
-10.503 2.7 -9.42755
-5.59 2.7 -9.42755
-2.7 2.7 -9.42755
-1 2.7 -9.42755
0 2.7 -9.42755
1 2.7 -9.42755
2.7 2.7 -9.42755
5.59 2.7 -9.42755
10.503 2.7 -9.42755
18.8551 2.7 -9.42755
33.0537 2.7 -9.42755
57.1912 2.7 -9.42755
98.2251 2.7 -9.42755
100 2.7 -9.42755
-100 5.59 -9.42755
-98.2251 5.59 -9.42755
-57.1912 5.59 -9.42755
-33.0537 5.59 -9.42755
-18.8551 5.59 -9.42755
-10.503 5.59 -9.42755
-5.59 5.59 -9.42755
-2.7 5.59 -9.42755
-1 5.59 -9.42755
0 5.59 -9.42755
1 5.59 -9.42755
2.7 5.59 -9.42755
5.59 5.59 -9.42755
10.503 5.59 -9.42755
18.8551 5.59 -9.42755
33.0537 5.59 -9.42755
57.1912 5.59 -9.42755
98.2251 5.59 -9.42755
100 5.59 -9.42755
-100 10.503 -9.42755
-98.2251 10.503 -9.42755
-57.1912 10.503 -9.42755
-33.0537 10.503 -9.42755
-18.8551 10.503 -9.42755
-10.503 10.503 -9.42755
-5.59 10.503 -9.42755
-2.7 10.503 -9.42755
-1 10.503 -9.42755
0 10.503 -9.42755
1 10.503 -9.42755
2.7 10.503 -9.42755
5.59 10.503 -9.42755
10.503 10.503 -9.42755
18.8551 10.503 -9.42755
33.0537 10.503 -9.42755
57.1912 10.503 -9.42755
98.2251 10.503 -9.42755
100 10.503 -9.42755
-100 18.8551 -9.42755
-98.2251 18.8551 -9.42755
-57.1912 18.8551 -9.42755
-33.0537 18.8551 -9.42755
-18.8551 18.8551 -9.42755
-10.503 18.8551 -9.42755
-5.59 18.8551 -9.42755
-2.7 18.8551 -9.42755
-1 18.8551 -9.42755
0 18.8551 -9.42755
1 18.8551 -9.42755
2.7 18.8551 -9.42755
5.59 18.8551 -9.42755
10.503 18.8551 -9.42755
18.8551 18.8551 -9.42755
33.0537 18.8551 -9.42755
57.1912 18.8551 -9.42755
98.2251 18.8551 -9.42755
100 18.8551 -9.42755
-100 33.0537 -9.42755
-98.2251 33.0537 -9.42755
-57.1912 33.0537 -9.42755
-33.0537 33.0537 -9.42755
-18.8551 33.0537 -9.42755
-10.503 33.0537 -9.42755
-5.59 33.0537 -9.42755
-2.7 33.0537 -9.42755
-1 33.0537 -9.42755
0 33.0537 -9.42755
1 33.0537 -9.42755
2.7 33.0537 -9.42755
5.59 33.0537 -9.42755
10.503 33.0537 -9.42755
18.8551 33.0537 -9.42755
33.0537 33.0537 -9.42755
57.1912 33.0537 -9.42755
98.2251 33.0537 -9.42755
100 33.0537 -9.42755
-100 57.1912 -9.42755
-98.2251 57.1912 -9.42755
-57.1912 57.1912 -9.42755
-33.0537 57.1912 -9.42755
-18.8551 57.1912 -9.42755
-10.503 57.1912 -9.42755
-5.59 57.1912 -9.42755
-2.7 57.1912 -9.42755
-1 57.1912 -9.42755
0 57.1912 -9.42755
1 57.1912 -9.42755
2.7 57.1912 -9.42755
5.59 57.1912 -9.42755
10.503 57.1912 -9.42755
18.8551 57.1912 -9.42755
33.0537 57.1912 -9.42755
57.1912 57.1912 -9.42755
98.2251 57.1912 -9.42755
100 57.1912 -9.42755
-100 80 -9.42755
-98.2251 80 -9.42755
-57.1912 80 -9.42755
-33.0537 80 -9.42755
-18.8551 80 -9.42755
-10.503 80 -9.42755
-5.59 80 -9.42755
-2.7 80 -9.42755
-1 80 -9.42755
0 80 -9.42755
1 80 -9.42755
2.7 80 -9.42755
5.59 80 -9.42755
10.503 80 -9.42755
18.8551 80 -9.42755
33.0537 80 -9.42755
57.1912 80 -9.42755
98.2251 80 -9.42755
100 80 -9.42755
-100 98.2251 -9.42755
-98.2251 98.2251 -9.42755
-57.1912 98.2251 -9.42755
-33.0537 98.2251 -9.42755
-18.8551 98.2251 -9.42755
-10.503 98.2251 -9.42755
-5.59 98.2251 -9.42755
-2.7 98.2251 -9.42755
-1 98.2251 -9.42755
0 98.2251 -9.42755
1 98.2251 -9.42755
2.7 98.2251 -9.42755
5.59 98.2251 -9.42755
10.503 98.2251 -9.42755
18.8551 98.2251 -9.42755
33.0537 98.2251 -9.42755
57.1912 98.2251 -9.42755
98.2251 98.2251 -9.42755
100 98.2251 -9.42755
-100 100 -9.42755
-98.2251 100 -9.42755
-57.1912 100 -9.42755
-33.0537 100 -9.42755
-18.8551 100 -9.42755
-10.503 100 -9.42755
-5.59 100 -9.42755
-2.7 100 -9.42755
-1 100 -9.42755
0 100 -9.42755
1 100 -9.42755
2.7 100 -9.42755
5.59 100 -9.42755
10.503 100 -9.42755
18.8551 100 -9.42755
33.0537 100 -9.42755
57.1912 100 -9.42755
98.2251 100 -9.42755
100 100 -9.42755
-100 -100 -5.2515
-98.2251 -100 -5.2515
-57.1912 -100 -5.2515
-33.0537 -100 -5.2515
-18.8551 -100 -5.2515
-10.503 -100 -5.2515
-5.59 -100 -5.2515
-2.7 -100 -5.2515
-1 -100 -5.2515
0 -100 -5.2515
1 -100 -5.2515
2.7 -100 -5.2515
5.59 -100 -5.2515
10.503 -100 -5.2515
18.8551 -100 -5.2515
33.0537 -100 -5.2515
57.1912 -100 -5.2515
98.2251 -100 -5.2515
100 -100 -5.2515
-100 -98.2251 -5.2515
-98.2251 -98.2251 -5.2515
-57.1912 -98.2251 -5.2515
-33.0537 -98.2251 -5.2515
-18.8551 -98.2251 -5.2515
-10.503 -98.2251 -5.2515
-5.59 -98.2251 -5.2515
-2.7 -98.2251 -5.2515
-1 -98.2251 -5.2515
0 -98.2251 -5.2515
1 -98.2251 -5.2515
2.7 -98.2251 -5.2515
5.59 -98.2251 -5.2515
10.503 -98.2251 -5.2515
18.8551 -98.2251 -5.2515
33.0537 -98.2251 -5.2515
57.1912 -98.2251 -5.2515
98.2251 -98.2251 -5.2515
100 -98.2251 -5.2515
-100 -57.1912 -5.2515
-98.2251 -57.1912 -5.2515
-57.1912 -57.1912 -5.2515
-33.0537 -57.1912 -5.2515
-18.8551 -57.1912 -5.2515
-10.503 -57.1912 -5.2515
-5.59 -57.1912 -5.2515
-2.7 -57.1912 -5.2515
-1 -57.1912 -5.2515
0 -57.1912 -5.2515
1 -57.1912 -5.2515
2.7 -57.1912 -5.2515
5.59 -57.1912 -5.2515
10.503 -57.1912 -5.2515
18.8551 -57.1912 -5.2515
33.0537 -57.1912 -5.2515
57.1912 -57.1912 -5.2515
98.2251 -57.1912 -5.2515
100 -57.1912 -5.2515
-100 -33.0537 -5.2515
-98.2251 -33.0537 -5.2515
-57.1912 -33.0537 -5.2515
-33.0537 -33.0537 -5.2515
-18.8551 -33.0537 -5.2515
-10.503 -33.0537 -5.2515
-5.59 -33.0537 -5.2515
-2.7 -33.0537 -5.2515
-1 -33.0537 -5.2515
0 -33.0537 -5.2515
1 -33.0537 -5.2515
2.7 -33.0537 -5.2515
5.59 -33.0537 -5.2515
10.503 -33.0537 -5.2515
18.8551 -33.0537 -5.2515
33.0537 -33.0537 -5.2515
57.1912 -33.0537 -5.2515
98.2251 -33.0537 -5.2515
100 -33.0537 -5.2515
-100 -18.8551 -5.2515
-98.2251 -18.8551 -5.2515
-57.1912 -18.8551 -5.2515
-33.0537 -18.8551 -5.2515
-18.8551 -18.8551 -5.2515
-10.503 -18.8551 -5.2515
-5.59 -18.8551 -5.2515
-2.7 -18.8551 -5.2515
-1 -18.8551 -5.2515
0 -18.8551 -5.2515
1 -18.8551 -5.2515
2.7 -18.8551 -5.2515
5.59 -18.8551 -5.2515
10.503 -18.8551 -5.2515
18.8551 -18.8551 -5.2515
33.0537 -18.8551 -5.2515
57.1912 -18.8551 -5.2515
98.2251 -18.8551 -5.2515
100 -18.8551 -5.2515
-100 -10.503 -5.2515
-98.2251 -10.503 -5.2515
-57.1912 -10.503 -5.2515
-33.0537 -10.503 -5.2515
-18.8551 -10.503 -5.2515
-10.503 -10.503 -5.2515
-5.59 -10.503 -5.2515
-2.7 -10.503 -5.2515
-1 -10.503 -5.2515
0 -10.503 -5.2515
1 -10.503 -5.2515
2.7 -10.503 -5.2515
5.59 -10.503 -5.2515
10.503 -10.503 -5.2515
18.8551 -10.503 -5.2515
33.0537 -10.503 -5.2515
57.1912 -10.503 -5.2515
98.2251 -10.503 -5.2515
100 -10.503 -5.2515
-100 -5.59 -5.2515
-98.2251 -5.59 -5.2515
-57.1912 -5.59 -5.2515
-33.0537 -5.59 -5.2515
-18.8551 -5.59 -5.2515
-10.503 -5.59 -5.2515
-5.59 -5.59 -5.2515
-2.7 -5.59 -5.2515
-1 -5.59 -5.2515
0 -5.59 -5.2515
1 -5.59 -5.2515
2.7 -5.59 -5.2515
5.59 -5.59 -5.2515
10.503 -5.59 -5.2515
18.8551 -5.59 -5.2515
33.0537 -5.59 -5.2515
57.1912 -5.59 -5.2515
98.2251 -5.59 -5.2515
100 -5.59 -5.2515
-100 -2.7 -5.2515
-98.2251 -2.7 -5.2515
-57.1912 -2.7 -5.2515
-33.0537 -2.7 -5.2515
-18.8551 -2.7 -5.2515
-10.503 -2.7 -5.2515
-5.59 -2.7 -5.2515
-2.7 -2.7 -5.2515
-1 -2.7 -5.2515
0 -2.7 -5.2515
1 -2.7 -5.2515
2.7 -2.7 -5.2515
5.59 -2.7 -5.2515
10.503 -2.7 -5.2515
18.8551 -2.7 -5.2515
33.0537 -2.7 -5.2515
57.1912 -2.7 -5.2515
98.2251 -2.7 -5.2515
100 -2.7 -5.2515
-100 -1 -5.2515
-98.2251 -1 -5.2515
-57.1912 -1 -5.2515
-33.0537 -1 -5.2515
-18.8551 -1 -5.2515
-10.503 -1 -5.2515
-5.59 -1 -5.2515
-2.7 -1 -5.2515
-1 -1 -5.2515
0 -1 -5.2515
1 -1 -5.2515
2.7 -1 -5.2515
5.59 -1 -5.2515
10.503 -1 -5.2515
18.8551 -1 -5.2515
33.0537 -1 -5.2515
57.1912 -1 -5.2515
98.2251 -1 -5.2515
100 -1 -5.2515
-100 0 -5.2515
-98.2251 0 -5.2515
-57.1912 0 -5.2515
-33.0537 0 -5.2515
-18.8551 0 -5.2515
-10.503 0 -5.2515
-5.59 0 -5.2515
-2.7 0 -5.2515
-1 0 -5.2515
0 0 -5.2515
1 0 -5.2515
2.7 0 -5.2515
5.59 0 -5.2515
10.503 0 -5.2515
18.8551 0 -5.2515
33.0537 0 -5.2515
57.1912 0 -5.2515
98.2251 0 -5.2515
100 0 -5.2515
-100 1 -5.2515
-98.2251 1 -5.2515
-57.1912 1 -5.2515
-33.0537 1 -5.2515
-18.8551 1 -5.2515
-10.503 1 -5.2515
-5.59 1 -5.2515
-2.7 1 -5.2515
-1 1 -5.2515
0 1 -5.2515
1 1 -5.2515
2.7 1 -5.2515
5.59 1 -5.2515
10.503 1 -5.2515
18.8551 1 -5.2515
33.0537 1 -5.2515
57.1912 1 -5.2515
98.2251 1 -5.2515
100 1 -5.2515
-100 2.7 -5.2515
-98.2251 2.7 -5.2515
-57.1912 2.7 -5.2515
-33.0537 2.7 -5.2515
-18.8551 2.7 -5.2515
-10.503 2.7 -5.2515
-5.59 2.7 -5.2515
-2.7 2.7 -5.2515
-1 2.7 -5.2515
0 2.7 -5.2515
1 2.7 -5.2515
2.7 2.7 -5.2515
5.59 2.7 -5.2515
10.503 2.7 -5.2515
18.8551 2.7 -5.2515
33.0537 2.7 -5.2515
57.1912 2.7 -5.2515
98.2251 2.7 -5.2515
100 2.7 -5.2515
-100 5.59 -5.2515
-98.2251 5.59 -5.2515
-57.1912 5.59 -5.2515
-33.0537 5.59 -5.2515
-18.8551 5.59 -5.2515
-10.503 5.59 -5.2515
-5.59 5.59 -5.2515
-2.7 5.59 -5.2515
-1 5.59 -5.2515
0 5.59 -5.2515
1 5.59 -5.2515
2.7 5.59 -5.2515
5.59 5.59 -5.2515
10.503 5.59 -5.2515
18.8551 5.59 -5.2515
33.0537 5.59 -5.2515
57.1912 5.59 -5.2515
98.2251 5.59 -5.2515
100 5.59 -5.2515
-100 10.503 -5.2515
-98.2251 10.503 -5.2515
-57.1912 10.503 -5.2515
-33.0537 10.503 -5.2515
-18.8551 10.503 -5.2515
-10.503 10.503 -5.2515
-5.59 10.503 -5.2515
-2.7 10.503 -5.2515
-1 10.503 -5.2515
0 10.503 -5.2515
1 10.503 -5.2515
2.7 10.503 -5.2515
5.59 10.503 -5.2515
10.503 10.503 -5.2515
18.8551 10.503 -5.2515
33.0537 10.503 -5.2515
57.1912 10.503 -5.2515
98.2251 10.503 -5.2515
100 10.503 -5.2515
-100 18.8551 -5.2515
-98.2251 18.8551 -5.2515
-57.1912 18.8551 -5.2515
-33.0537 18.8551 -5.2515
-18.8551 18.8551 -5.2515
-10.503 18.8551 -5.2515
-5.59 18.8551 -5.2515
-2.7 18.8551 -5.2515
-1 18.8551 -5.2515
0 18.8551 -5.2515
1 18.8551 -5.2515
2.7 18.8551 -5.2515
5.59 18.8551 -5.2515
10.503 18.8551 -5.2515
18.8551 18.8551 -5.2515
33.0537 18.8551 -5.2515
57.1912 18.8551 -5.2515
98.2251 18.8551 -5.2515
100 18.8551 -5.2515
-100 33.0537 -5.2515
-98.2251 33.0537 -5.2515
-57.1912 33.0537 -5.2515
-33.0537 33.0537 -5.2515
-18.8551 33.0537 -5.2515
-10.503 33.0537 -5.2515
-5.59 33.0537 -5.2515
-2.7 33.0537 -5.2515
-1 33.0537 -5.2515
0 33.0537 -5.2515
1 33.0537 -5.2515
2.7 33.0537 -5.2515
5.59 33.0537 -5.2515
10.503 33.0537 -5.2515
18.8551 33.0537 -5.2515
33.0537 33.0537 -5.2515
57.1912 33.0537 -5.2515
98.2251 33.0537 -5.2515
100 33.0537 -5.2515
-100 57.1912 -5.2515
-98.2251 57.1912 -5.2515
-57.1912 57.1912 -5.2515
-33.0537 57.1912 -5.2515
-18.8551 57.1912 -5.2515
-10.503 57.1912 -5.2515
-5.59 57.1912 -5.2515
-2.7 57.1912 -5.2515
-1 57.1912 -5.2515
0 57.1912 -5.2515
1 57.1912 -5.2515
2.7 57.1912 -5.2515
5.59 57.1912 -5.2515
10.503 57.1912 -5.2515
18.8551 57.1912 -5.2515
33.0537 57.1912 -5.2515
57.1912 57.1912 -5.2515
98.2251 57.1912 -5.2515
100 57.1912 -5.2515
-100 80 -5.2515
-98.2251 80 -5.2515
-57.1912 80 -5.2515
-33.0537 80 -5.2515
-18.8551 80 -5.2515
-10.503 80 -5.2515
-5.59 80 -5.2515
-2.7 80 -5.2515
-1 80 -5.2515
0 80 -5.2515
1 80 -5.2515
2.7 80 -5.2515
5.59 80 -5.2515
10.503 80 -5.2515
18.8551 80 -5.2515
33.0537 80 -5.2515
57.1912 80 -5.2515
98.2251 80 -5.2515
100 80 -5.2515
-100 98.2251 -5.2515
-98.2251 98.2251 -5.2515
-57.1912 98.2251 -5.2515
-33.0537 98.2251 -5.2515
-18.8551 98.2251 -5.2515
-10.503 98.2251 -5.2515
-5.59 98.2251 -5.2515
-2.7 98.2251 -5.2515
-1 98.2251 -5.2515
0 98.2251 -5.2515
1 98.2251 -5.2515
2.7 98.2251 -5.2515
5.59 98.2251 -5.2515
10.503 98.2251 -5.2515
18.8551 98.2251 -5.2515
33.0537 98.2251 -5.2515
57.1912 98.2251 -5.2515
98.2251 98.2251 -5.2515
100 98.2251 -5.2515
-100 100 -5.2515
-98.2251 100 -5.2515
-57.1912 100 -5.2515
-33.0537 100 -5.2515
-18.8551 100 -5.2515
-10.503 100 -5.2515
-5.59 100 -5.2515
-2.7 100 -5.2515
-1 100 -5.2515
0 100 -5.2515
1 100 -5.2515
2.7 100 -5.2515
5.59 100 -5.2515
10.503 100 -5.2515
18.8551 100 -5.2515
33.0537 100 -5.2515
57.1912 100 -5.2515
98.2251 100 -5.2515
100 100 -5.2515
-100 -100 -2.795
-98.2251 -100 -2.795
-57.1912 -100 -2.795
-33.0537 -100 -2.795
-18.8551 -100 -2.795
-10.503 -100 -2.795
-5.59 -100 -2.795
-2.7 -100 -2.795
-1 -100 -2.795
0 -100 -2.795
1 -100 -2.795
2.7 -100 -2.795
5.59 -100 -2.795
10.503 -100 -2.795
18.8551 -100 -2.795
33.0537 -100 -2.795
57.1912 -100 -2.795
98.2251 -100 -2.795
100 -100 -2.795
-100 -98.2251 -2.795
-98.2251 -98.2251 -2.795
-57.1912 -98.2251 -2.795
-33.0537 -98.2251 -2.795
-18.8551 -98.2251 -2.795
-10.503 -98.2251 -2.795
-5.59 -98.2251 -2.795
-2.7 -98.2251 -2.795
-1 -98.2251 -2.795
0 -98.2251 -2.795
1 -98.2251 -2.795
2.7 -98.2251 -2.795
5.59 -98.2251 -2.795
10.503 -98.2251 -2.795
18.8551 -98.2251 -2.795
33.0537 -98.2251 -2.795
57.1912 -98.2251 -2.795
98.2251 -98.2251 -2.795
100 -98.2251 -2.795
-100 -57.1912 -2.795
-98.2251 -57.1912 -2.795
-57.1912 -57.1912 -2.795
-33.0537 -57.1912 -2.795
-18.8551 -57.1912 -2.795
-10.503 -57.1912 -2.795
-5.59 -57.1912 -2.795
-2.7 -57.1912 -2.795
-1 -57.1912 -2.795
0 -57.1912 -2.795
1 -57.1912 -2.795
2.7 -57.1912 -2.795
5.59 -57.1912 -2.795
10.503 -57.1912 -2.795
18.8551 -57.1912 -2.795
33.0537 -57.1912 -2.795
57.1912 -57.1912 -2.795
98.2251 -57.1912 -2.795
100 -57.1912 -2.795
-100 -33.0537 -2.795
-98.2251 -33.0537 -2.795
-57.1912 -33.0537 -2.795
-33.0537 -33.0537 -2.795
-18.8551 -33.0537 -2.795
-10.503 -33.0537 -2.795
-5.59 -33.0537 -2.795
-2.7 -33.0537 -2.795
-1 -33.0537 -2.795
0 -33.0537 -2.795
1 -33.0537 -2.795
2.7 -33.0537 -2.795
5.59 -33.0537 -2.795
10.503 -33.0537 -2.795
18.8551 -33.0537 -2.795
33.0537 -33.0537 -2.795
57.1912 -33.0537 -2.795
98.2251 -33.0537 -2.795
100 -33.0537 -2.795
-100 -18.8551 -2.795
-98.2251 -18.8551 -2.795
-57.1912 -18.8551 -2.795
-33.0537 -18.8551 -2.795
-18.8551 -18.8551 -2.795
-10.503 -18.8551 -2.795
-5.59 -18.8551 -2.795
-2.7 -18.8551 -2.795
-1 -18.8551 -2.795
0 -18.8551 -2.795
1 -18.8551 -2.795
2.7 -18.8551 -2.795
5.59 -18.8551 -2.795
10.503 -18.8551 -2.795
18.8551 -18.8551 -2.795
33.0537 -18.8551 -2.795
57.1912 -18.8551 -2.795
98.2251 -18.8551 -2.795
100 -18.8551 -2.795
-100 -10.503 -2.795
-98.2251 -10.503 -2.795
-57.1912 -10.503 -2.795
-33.0537 -10.503 -2.795
-18.8551 -10.503 -2.795
-10.503 -10.503 -2.795
-5.59 -10.503 -2.795
-2.7 -10.503 -2.795
-1 -10.503 -2.795
0 -10.503 -2.795
1 -10.503 -2.795
2.7 -10.503 -2.795
5.59 -10.503 -2.795
10.503 -10.503 -2.795
18.8551 -10.503 -2.795
33.0537 -10.503 -2.795
57.1912 -10.503 -2.795
98.2251 -10.503 -2.795
100 -10.503 -2.795
-100 -5.59 -2.795
-98.2251 -5.59 -2.795
-57.1912 -5.59 -2.795
-33.0537 -5.59 -2.795
-18.8551 -5.59 -2.795
-10.503 -5.59 -2.795
-5.59 -5.59 -2.795
-2.7 -5.59 -2.795
-1 -5.59 -2.795
0 -5.59 -2.795
1 -5.59 -2.795
2.7 -5.59 -2.795
5.59 -5.59 -2.795
10.503 -5.59 -2.795
18.8551 -5.59 -2.795
33.0537 -5.59 -2.795
57.1912 -5.59 -2.795
98.2251 -5.59 -2.795
100 -5.59 -2.795
-100 -2.7 -2.795
-98.2251 -2.7 -2.795
-57.1912 -2.7 -2.795
-33.0537 -2.7 -2.795
-18.8551 -2.7 -2.795
-10.503 -2.7 -2.795
-5.59 -2.7 -2.795
-2.7 -2.7 -2.795
-1 -2.7 -2.795
0 -2.7 -2.795
1 -2.7 -2.795
2.7 -2.7 -2.795
5.59 -2.7 -2.795
10.503 -2.7 -2.795
18.8551 -2.7 -2.795
33.0537 -2.7 -2.795
57.1912 -2.7 -2.795
98.2251 -2.7 -2.795
100 -2.7 -2.795
-100 -1 -2.795
-98.2251 -1 -2.795
-57.1912 -1 -2.795
-33.0537 -1 -2.795
-18.8551 -1 -2.795
-10.503 -1 -2.795
-5.59 -1 -2.795
-2.7 -1 -2.795
-1 -1 -2.795
0 -1 -2.795
1 -1 -2.795
2.7 -1 -2.795
5.59 -1 -2.795
10.503 -1 -2.795
18.8551 -1 -2.795
33.0537 -1 -2.795
57.1912 -1 -2.795
98.2251 -1 -2.795
100 -1 -2.795
-100 0 -2.795
-98.2251 0 -2.795
-57.1912 0 -2.795
-33.0537 0 -2.795
-18.8551 0 -2.795
-10.503 0 -2.795
-5.59 0 -2.795
-2.7 0 -2.795
-1 0 -2.795
0 0 -2.795
1 0 -2.795
2.7 0 -2.795
5.59 0 -2.795
10.503 0 -2.795
18.8551 0 -2.795
33.0537 0 -2.795
57.1912 0 -2.795
98.2251 0 -2.795
100 0 -2.795
-100 1 -2.795
-98.2251 1 -2.795
-57.1912 1 -2.795
-33.0537 1 -2.795
-18.8551 1 -2.795
-10.503 1 -2.795
-5.59 1 -2.795
-2.7 1 -2.795
-1 1 -2.795
0 1 -2.795
1 1 -2.795
2.7 1 -2.795
5.59 1 -2.795
10.503 1 -2.795
18.8551 1 -2.795
33.0537 1 -2.795
57.1912 1 -2.795
98.2251 1 -2.795
100 1 -2.795
-100 2.7 -2.795
-98.2251 2.7 -2.795
-57.1912 2.7 -2.795
-33.0537 2.7 -2.795
-18.8551 2.7 -2.795
-10.503 2.7 -2.795
-5.59 2.7 -2.795
-2.7 2.7 -2.795
-1 2.7 -2.795
0 2.7 -2.795
1 2.7 -2.795
2.7 2.7 -2.795
5.59 2.7 -2.795
10.503 2.7 -2.795
18.8551 2.7 -2.795
33.0537 2.7 -2.795
57.1912 2.7 -2.795
98.2251 2.7 -2.795
100 2.7 -2.795
-100 5.59 -2.795
-98.2251 5.59 -2.795
-57.1912 5.59 -2.795
-33.0537 5.59 -2.795
-18.8551 5.59 -2.795
-10.503 5.59 -2.795
-5.59 5.59 -2.795
-2.7 5.59 -2.795
-1 5.59 -2.795
0 5.59 -2.795
1 5.59 -2.795
2.7 5.59 -2.795
5.59 5.59 -2.795
10.503 5.59 -2.795
18.8551 5.59 -2.795
33.0537 5.59 -2.795
57.1912 5.59 -2.795
98.2251 5.59 -2.795
100 5.59 -2.795
-100 10.503 -2.795
-98.2251 10.503 -2.795
-57.1912 10.503 -2.795
-33.0537 10.503 -2.795
-18.8551 10.503 -2.795
-10.503 10.503 -2.795
-5.59 10.503 -2.795
-2.7 10.503 -2.795
-1 10.503 -2.795
0 10.503 -2.795
1 10.503 -2.795
2.7 10.503 -2.795
5.59 10.503 -2.795
10.503 10.503 -2.795
18.8551 10.503 -2.795
33.0537 10.503 -2.795
57.1912 10.503 -2.795
98.2251 10.503 -2.795
100 10.503 -2.795
-100 18.8551 -2.795
-98.2251 18.8551 -2.795
-57.1912 18.8551 -2.795
-33.0537 18.8551 -2.795
-18.8551 18.8551 -2.795
-10.503 18.8551 -2.795
-5.59 18.8551 -2.795
-2.7 18.8551 -2.795
-1 18.8551 -2.795
0 18.8551 -2.795
1 18.8551 -2.795
2.7 18.8551 -2.795
5.59 18.8551 -2.795
10.503 18.8551 -2.795
18.8551 18.8551 -2.795
33.0537 18.8551 -2.795
57.1912 18.8551 -2.795
98.2251 18.8551 -2.795
100 18.8551 -2.795
-100 33.0537 -2.795
-98.2251 33.0537 -2.795
-57.1912 33.0537 -2.795
-33.0537 33.0537 -2.795
-18.8551 33.0537 -2.795
-10.503 33.0537 -2.795
-5.59 33.0537 -2.795
-2.7 33.0537 -2.795
-1 33.0537 -2.795
0 33.0537 -2.795
1 33.0537 -2.795
2.7 33.0537 -2.795
5.59 33.0537 -2.795
10.503 33.0537 -2.795
18.8551 33.0537 -2.795
33.0537 33.0537 -2.795
57.1912 33.0537 -2.795
98.2251 33.0537 -2.795
100 33.0537 -2.795
-100 57.1912 -2.795
-98.2251 57.1912 -2.795
-57.1912 57.1912 -2.795
-33.0537 57.1912 -2.795
-18.8551 57.1912 -2.795
-10.503 57.1912 -2.795
-5.59 57.1912 -2.795
-2.7 57.1912 -2.795
-1 57.1912 -2.795
0 57.1912 -2.795
1 57.1912 -2.795
2.7 57.1912 -2.795
5.59 57.1912 -2.795
10.503 57.1912 -2.795
18.8551 57.1912 -2.795
33.0537 57.1912 -2.795
57.1912 57.1912 -2.795
98.2251 57.1912 -2.795
100 57.1912 -2.795
-100 80 -2.795
-98.2251 80 -2.795
-57.1912 80 -2.795
-33.0537 80 -2.795
-18.8551 80 -2.795
-10.503 80 -2.795
-5.59 80 -2.795
-2.7 80 -2.795
-1 80 -2.795
0 80 -2.795
1 80 -2.795
2.7 80 -2.795
5.59 80 -2.795
10.503 80 -2.795
18.8551 80 -2.795
33.0537 80 -2.795
57.1912 80 -2.795
98.2251 80 -2.795
100 80 -2.795
-100 98.2251 -2.795
-98.2251 98.2251 -2.795
-57.1912 98.2251 -2.795
-33.0537 98.2251 -2.795
-18.8551 98.2251 -2.795
-10.503 98.2251 -2.795
-5.59 98.2251 -2.795
-2.7 98.2251 -2.795
-1 98.2251 -2.795
0 98.2251 -2.795
1 98.2251 -2.795
2.7 98.2251 -2.795
5.59 98.2251 -2.795
10.503 98.2251 -2.795
18.8551 98.2251 -2.795
33.0537 98.2251 -2.795
57.1912 98.2251 -2.795
98.2251 98.2251 -2.795
100 98.2251 -2.795
-100 100 -2.795
-98.2251 100 -2.795
-57.1912 100 -2.795
-33.0537 100 -2.795
-18.8551 100 -2.795
-10.503 100 -2.795
-5.59 100 -2.795
-2.7 100 -2.795
-1 100 -2.795
0 100 -2.795
1 100 -2.795
2.7 100 -2.795
5.59 100 -2.795
10.503 100 -2.795
18.8551 100 -2.795
33.0537 100 -2.795
57.1912 100 -2.795
98.2251 100 -2.795
100 100 -2.795
-100 -100 -1.35
-98.2251 -100 -1.35
-57.1912 -100 -1.35
-33.0537 -100 -1.35
-18.8551 -100 -1.35
-10.503 -100 -1.35
-5.59 -100 -1.35
-2.7 -100 -1.35
-1 -100 -1.35
0 -100 -1.35
1 -100 -1.35
2.7 -100 -1.35
5.59 -100 -1.35
10.503 -100 -1.35
18.8551 -100 -1.35
33.0537 -100 -1.35
57.1912 -100 -1.35
98.2251 -100 -1.35
100 -100 -1.35
-100 -98.2251 -1.35
-98.2251 -98.2251 -1.35
-57.1912 -98.2251 -1.35
-33.0537 -98.2251 -1.35
-18.8551 -98.2251 -1.35
-10.503 -98.2251 -1.35
-5.59 -98.2251 -1.35
-2.7 -98.2251 -1.35
-1 -98.2251 -1.35
0 -98.2251 -1.35
1 -98.2251 -1.35
2.7 -98.2251 -1.35
5.59 -98.2251 -1.35
10.503 -98.2251 -1.35
18.8551 -98.2251 -1.35
33.0537 -98.2251 -1.35
57.1912 -98.2251 -1.35
98.2251 -98.2251 -1.35
100 -98.2251 -1.35
-100 -57.1912 -1.35
-98.2251 -57.1912 -1.35
-57.1912 -57.1912 -1.35
-33.0537 -57.1912 -1.35
-18.8551 -57.1912 -1.35
-10.503 -57.1912 -1.35
-5.59 -57.1912 -1.35
-2.7 -57.1912 -1.35
-1 -57.1912 -1.35
0 -57.1912 -1.35
1 -57.1912 -1.35
2.7 -57.1912 -1.35
5.59 -57.1912 -1.35
10.503 -57.1912 -1.35
18.8551 -57.1912 -1.35
33.0537 -57.1912 -1.35
57.1912 -57.1912 -1.35
98.2251 -57.1912 -1.35
100 -57.1912 -1.35
-100 -33.0537 -1.35
-98.2251 -33.0537 -1.35
-57.1912 -33.0537 -1.35
-33.0537 -33.0537 -1.35
-18.8551 -33.0537 -1.35
-10.503 -33.0537 -1.35
-5.59 -33.0537 -1.35
-2.7 -33.0537 -1.35
-1 -33.0537 -1.35
0 -33.0537 -1.35
1 -33.0537 -1.35
2.7 -33.0537 -1.35
5.59 -33.0537 -1.35
10.503 -33.0537 -1.35
18.8551 -33.0537 -1.35
33.0537 -33.0537 -1.35
57.1912 -33.0537 -1.35
98.2251 -33.0537 -1.35
100 -33.0537 -1.35
-100 -18.8551 -1.35
-98.2251 -18.8551 -1.35
-57.1912 -18.8551 -1.35
-33.0537 -18.8551 -1.35
-18.8551 -18.8551 -1.35
-10.503 -18.8551 -1.35
-5.59 -18.8551 -1.35
-2.7 -18.8551 -1.35
-1 -18.8551 -1.35
0 -18.8551 -1.35
1 -18.8551 -1.35
2.7 -18.8551 -1.35
5.59 -18.8551 -1.35
10.503 -18.8551 -1.35
18.8551 -18.8551 -1.35
33.0537 -18.8551 -1.35
57.1912 -18.8551 -1.35
98.2251 -18.8551 -1.35
100 -18.8551 -1.35
-100 -10.503 -1.35
-98.2251 -10.503 -1.35
-57.1912 -10.503 -1.35
-33.0537 -10.503 -1.35
-18.8551 -10.503 -1.35
-10.503 -10.503 -1.35
-5.59 -10.503 -1.35
-2.7 -10.503 -1.35
-1 -10.503 -1.35
0 -10.503 -1.35
1 -10.503 -1.35
2.7 -10.503 -1.35
5.59 -10.503 -1.35
10.503 -10.503 -1.35
18.8551 -10.503 -1.35
33.0537 -10.503 -1.35
57.1912 -10.503 -1.35
98.2251 -10.503 -1.35
100 -10.503 -1.35
-100 -5.59 -1.35
-98.2251 -5.59 -1.35
-57.1912 -5.59 -1.35
-33.0537 -5.59 -1.35
-18.8551 -5.59 -1.35
-10.503 -5.59 -1.35
-5.59 -5.59 -1.35
-2.7 -5.59 -1.35
-1 -5.59 -1.35
0 -5.59 -1.35
1 -5.59 -1.35
2.7 -5.59 -1.35
5.59 -5.59 -1.35
10.503 -5.59 -1.35
18.8551 -5.59 -1.35
33.0537 -5.59 -1.35
57.1912 -5.59 -1.35
98.2251 -5.59 -1.35
100 -5.59 -1.35
-100 -2.7 -1.35
-98.2251 -2.7 -1.35
-57.1912 -2.7 -1.35
-33.0537 -2.7 -1.35
-18.8551 -2.7 -1.35
-10.503 -2.7 -1.35
-5.59 -2.7 -1.35
-2.7 -2.7 -1.35
-1 -2.7 -1.35
0 -2.7 -1.35
1 -2.7 -1.35
2.7 -2.7 -1.35
5.59 -2.7 -1.35
10.503 -2.7 -1.35
18.8551 -2.7 -1.35
33.0537 -2.7 -1.35
57.1912 -2.7 -1.35
98.2251 -2.7 -1.35
100 -2.7 -1.35
-100 -1 -1.35
-98.2251 -1 -1.35
-57.1912 -1 -1.35
-33.0537 -1 -1.35
-18.8551 -1 -1.35
-10.503 -1 -1.35
-5.59 -1 -1.35
-2.7 -1 -1.35
-1 -1 -1.35
0 -1 -1.35
1 -1 -1.35
2.7 -1 -1.35
5.59 -1 -1.35
10.503 -1 -1.35
18.8551 -1 -1.35
33.0537 -1 -1.35
57.1912 -1 -1.35
98.2251 -1 -1.35
100 -1 -1.35
-100 0 -1.35
-98.2251 0 -1.35
-57.1912 0 -1.35
-33.0537 0 -1.35
-18.8551 0 -1.35
-10.503 0 -1.35
-5.59 0 -1.35
-2.7 0 -1.35
-1 0 -1.35
0 0 -1.35
1 0 -1.35
2.7 0 -1.35
5.59 0 -1.35
10.503 0 -1.35
18.8551 0 -1.35
33.0537 0 -1.35
57.1912 0 -1.35
98.2251 0 -1.35
100 0 -1.35
-100 1 -1.35
-98.2251 1 -1.35
-57.1912 1 -1.35
-33.0537 1 -1.35
-18.8551 1 -1.35
-10.503 1 -1.35
-5.59 1 -1.35
-2.7 1 -1.35
-1 1 -1.35
0 1 -1.35
1 1 -1.35
2.7 1 -1.35
5.59 1 -1.35
10.503 1 -1.35
18.8551 1 -1.35
33.0537 1 -1.35
57.1912 1 -1.35
98.2251 1 -1.35
100 1 -1.35
-100 2.7 -1.35
-98.2251 2.7 -1.35
-57.1912 2.7 -1.35
-33.0537 2.7 -1.35
-18.8551 2.7 -1.35
-10.503 2.7 -1.35
-5.59 2.7 -1.35
-2.7 2.7 -1.35
-1 2.7 -1.35
0 2.7 -1.35
1 2.7 -1.35
2.7 2.7 -1.35
5.59 2.7 -1.35
10.503 2.7 -1.35
18.8551 2.7 -1.35
33.0537 2.7 -1.35
57.1912 2.7 -1.35
98.2251 2.7 -1.35
100 2.7 -1.35
-100 5.59 -1.35
-98.2251 5.59 -1.35
-57.1912 5.59 -1.35
-33.0537 5.59 -1.35
-18.8551 5.59 -1.35
-10.503 5.59 -1.35
-5.59 5.59 -1.35
-2.7 5.59 -1.35
-1 5.59 -1.35
0 5.59 -1.35
1 5.59 -1.35
2.7 5.59 -1.35
5.59 5.59 -1.35
10.503 5.59 -1.35
18.8551 5.59 -1.35
33.0537 5.59 -1.35
57.1912 5.59 -1.35
98.2251 5.59 -1.35
100 5.59 -1.35
-100 10.503 -1.35
-98.2251 10.503 -1.35
-57.1912 10.503 -1.35
-33.0537 10.503 -1.35
-18.8551 10.503 -1.35
-10.503 10.503 -1.35
-5.59 10.503 -1.35
-2.7 10.503 -1.35
-1 10.503 -1.35
0 10.503 -1.35
1 10.503 -1.35
2.7 10.503 -1.35
5.59 10.503 -1.35
10.503 10.503 -1.35
18.8551 10.503 -1.35
33.0537 10.503 -1.35
57.1912 10.503 -1.35
98.2251 10.503 -1.35
100 10.503 -1.35
-100 18.8551 -1.35
-98.2251 18.8551 -1.35
-57.1912 18.8551 -1.35
-33.0537 18.8551 -1.35
-18.8551 18.8551 -1.35
-10.503 18.8551 -1.35
-5.59 18.8551 -1.35
-2.7 18.8551 -1.35
-1 18.8551 -1.35
0 18.8551 -1.35
1 18.8551 -1.35
2.7 18.8551 -1.35
5.59 18.8551 -1.35
10.503 18.8551 -1.35
18.8551 18.8551 -1.35
33.0537 18.8551 -1.35
57.1912 18.8551 -1.35
98.2251 18.8551 -1.35
100 18.8551 -1.35
-100 33.0537 -1.35
-98.2251 33.0537 -1.35
-57.1912 33.0537 -1.35
-33.0537 33.0537 -1.35
-18.8551 33.0537 -1.35
-10.503 33.0537 -1.35
-5.59 33.0537 -1.35
-2.7 33.0537 -1.35
-1 33.0537 -1.35
0 33.0537 -1.35
1 33.0537 -1.35
2.7 33.0537 -1.35
5.59 33.0537 -1.35
10.503 33.0537 -1.35
18.8551 33.0537 -1.35
33.0537 33.0537 -1.35
57.1912 33.0537 -1.35
98.2251 33.0537 -1.35
100 33.0537 -1.35
-100 57.1912 -1.35
-98.2251 57.1912 -1.35
-57.1912 57.1912 -1.35
-33.0537 57.1912 -1.35
-18.8551 57.1912 -1.35
-10.503 57.1912 -1.35
-5.59 57.1912 -1.35
-2.7 57.1912 -1.35
-1 57.1912 -1.35
0 57.1912 -1.35
1 57.1912 -1.35
2.7 57.1912 -1.35
5.59 57.1912 -1.35
10.503 57.1912 -1.35
18.8551 57.1912 -1.35
33.0537 57.1912 -1.35
57.1912 57.1912 -1.35
98.2251 57.1912 -1.35
100 57.1912 -1.35
-100 80 -1.35
-98.2251 80 -1.35
-57.1912 80 -1.35
-33.0537 80 -1.35
-18.8551 80 -1.35
-10.503 80 -1.35
-5.59 80 -1.35
-2.7 80 -1.35
-1 80 -1.35
0 80 -1.35
1 80 -1.35
2.7 80 -1.35
5.59 80 -1.35
10.503 80 -1.35
18.8551 80 -1.35
33.0537 80 -1.35
57.1912 80 -1.35
98.2251 80 -1.35
100 80 -1.35
-100 98.2251 -1.35
-98.2251 98.2251 -1.35
-57.1912 98.2251 -1.35
-33.0537 98.2251 -1.35
-18.8551 98.2251 -1.35
-10.503 98.2251 -1.35
-5.59 98.2251 -1.35
-2.7 98.2251 -1.35
-1 98.2251 -1.35
0 98.2251 -1.35
1 98.2251 -1.35
2.7 98.2251 -1.35
5.59 98.2251 -1.35
10.503 98.2251 -1.35
18.8551 98.2251 -1.35
33.0537 98.2251 -1.35
57.1912 98.2251 -1.35
98.2251 98.2251 -1.35
100 98.2251 -1.35
-100 100 -1.35
-98.2251 100 -1.35
-57.1912 100 -1.35
-33.0537 100 -1.35
-18.8551 100 -1.35
-10.503 100 -1.35
-5.59 100 -1.35
-2.7 100 -1.35
-1 100 -1.35
0 100 -1.35
1 100 -1.35
2.7 100 -1.35
5.59 100 -1.35
10.503 100 -1.35
18.8551 100 -1.35
33.0537 100 -1.35
57.1912 100 -1.35
98.2251 100 -1.35
100 100 -1.35
-100 -100 -0.5
-98.2251 -100 -0.5
-57.1912 -100 -0.5
-33.0537 -100 -0.5
-18.8551 -100 -0.5
-10.503 -100 -0.5
-5.59 -100 -0.5
-2.7 -100 -0.5
-1 -100 -0.5
0 -100 -0.5
1 -100 -0.5
2.7 -100 -0.5
5.59 -100 -0.5
10.503 -100 -0.5
18.8551 -100 -0.5
33.0537 -100 -0.5
57.1912 -100 -0.5
98.2251 -100 -0.5
100 -100 -0.5
-100 -98.2251 -0.5
-98.2251 -98.2251 -0.5
-57.1912 -98.2251 -0.5
-33.0537 -98.2251 -0.5
-18.8551 -98.2251 -0.5
-10.503 -98.2251 -0.5
-5.59 -98.2251 -0.5
-2.7 -98.2251 -0.5
-1 -98.2251 -0.5
0 -98.2251 -0.5
1 -98.2251 -0.5
2.7 -98.2251 -0.5
5.59 -98.2251 -0.5
10.503 -98.2251 -0.5
18.8551 -98.2251 -0.5
33.0537 -98.2251 -0.5
57.1912 -98.2251 -0.5
98.2251 -98.2251 -0.5
100 -98.2251 -0.5
-100 -57.1912 -0.5
-98.2251 -57.1912 -0.5
-57.1912 -57.1912 -0.5
-33.0537 -57.1912 -0.5
-18.8551 -57.1912 -0.5
-10.503 -57.1912 -0.5
-5.59 -57.1912 -0.5
-2.7 -57.1912 -0.5
-1 -57.1912 -0.5
0 -57.1912 -0.5
1 -57.1912 -0.5
2.7 -57.1912 -0.5
5.59 -57.1912 -0.5
10.503 -57.1912 -0.5
18.8551 -57.1912 -0.5
33.0537 -57.1912 -0.5
57.1912 -57.1912 -0.5
98.2251 -57.1912 -0.5
100 -57.1912 -0.5
-100 -33.0537 -0.5
-98.2251 -33.0537 -0.5
-57.1912 -33.0537 -0.5
-33.0537 -33.0537 -0.5
-18.8551 -33.0537 -0.5
-10.503 -33.0537 -0.5
-5.59 -33.0537 -0.5
-2.7 -33.0537 -0.5
-1 -33.0537 -0.5
0 -33.0537 -0.5
1 -33.0537 -0.5
2.7 -33.0537 -0.5
5.59 -33.0537 -0.5
10.503 -33.0537 -0.5
18.8551 -33.0537 -0.5
33.0537 -33.0537 -0.5
57.1912 -33.0537 -0.5
98.2251 -33.0537 -0.5
100 -33.0537 -0.5
-100 -18.8551 -0.5
-98.2251 -18.8551 -0.5
-57.1912 -18.8551 -0.5
-33.0537 -18.8551 -0.5
-18.8551 -18.8551 -0.5
-10.503 -18.8551 -0.5
-5.59 -18.8551 -0.5
-2.7 -18.8551 -0.5
-1 -18.8551 -0.5
0 -18.8551 -0.5
1 -18.8551 -0.5
2.7 -18.8551 -0.5
5.59 -18.8551 -0.5
10.503 -18.8551 -0.5
18.8551 -18.8551 -0.5
33.0537 -18.8551 -0.5
57.1912 -18.8551 -0.5
98.2251 -18.8551 -0.5
100 -18.8551 -0.5
-100 -10.503 -0.5
-98.2251 -10.503 -0.5
-57.1912 -10.503 -0.5
-33.0537 -10.503 -0.5
-18.8551 -10.503 -0.5
-10.503 -10.503 -0.5
-5.59 -10.503 -0.5
-2.7 -10.503 -0.5
-1 -10.503 -0.5
0 -10.503 -0.5
1 -10.503 -0.5
2.7 -10.503 -0.5
5.59 -10.503 -0.5
10.503 -10.503 -0.5
18.8551 -10.503 -0.5
33.0537 -10.503 -0.5
57.1912 -10.503 -0.5
98.2251 -10.503 -0.5
100 -10.503 -0.5
-100 -5.59 -0.5
-98.2251 -5.59 -0.5
-57.1912 -5.59 -0.5
-33.0537 -5.59 -0.5
-18.8551 -5.59 -0.5
-10.503 -5.59 -0.5
-5.59 -5.59 -0.5
-2.7 -5.59 -0.5
-1 -5.59 -0.5
0 -5.59 -0.5
1 -5.59 -0.5
2.7 -5.59 -0.5
5.59 -5.59 -0.5
10.503 -5.59 -0.5
18.8551 -5.59 -0.5
33.0537 -5.59 -0.5
57.1912 -5.59 -0.5
98.2251 -5.59 -0.5
100 -5.59 -0.5
-100 -2.7 -0.5
-98.2251 -2.7 -0.5
-57.1912 -2.7 -0.5
-33.0537 -2.7 -0.5
-18.8551 -2.7 -0.5
-10.503 -2.7 -0.5
-5.59 -2.7 -0.5
-2.7 -2.7 -0.5
-1 -2.7 -0.5
0 -2.7 -0.5
1 -2.7 -0.5
2.7 -2.7 -0.5
5.59 -2.7 -0.5
10.503 -2.7 -0.5
18.8551 -2.7 -0.5
33.0537 -2.7 -0.5
57.1912 -2.7 -0.5
98.2251 -2.7 -0.5
100 -2.7 -0.5
-100 -1 -0.5
-98.2251 -1 -0.5
-57.1912 -1 -0.5
-33.0537 -1 -0.5
-18.8551 -1 -0.5
-10.503 -1 -0.5
-5.59 -1 -0.5
-2.7 -1 -0.5
-1 -1 -0.5
0 -1 -0.5
1 -1 -0.5
2.7 -1 -0.5
5.59 -1 -0.5
10.503 -1 -0.5
18.8551 -1 -0.5
33.0537 -1 -0.5
57.1912 -1 -0.5
98.2251 -1 -0.5
100 -1 -0.5
-100 0 -0.5
-98.2251 0 -0.5
-57.1912 0 -0.5
-33.0537 0 -0.5
-18.8551 0 -0.5
-10.503 0 -0.5
-5.59 0 -0.5
-2.7 0 -0.5
-1 0 -0.5
0 0 -0.5
1 0 -0.5
2.7 0 -0.5
5.59 0 -0.5
10.503 0 -0.5
18.8551 0 -0.5
33.0537 0 -0.5
57.1912 0 -0.5
98.2251 0 -0.5
100 0 -0.5
-100 1 -0.5
-98.2251 1 -0.5
-57.1912 1 -0.5
-33.0537 1 -0.5
-18.8551 1 -0.5
-10.503 1 -0.5
-5.59 1 -0.5
-2.7 1 -0.5
-1 1 -0.5
0 1 -0.5
1 1 -0.5
2.7 1 -0.5
5.59 1 -0.5
10.503 1 -0.5
18.8551 1 -0.5
33.0537 1 -0.5
57.1912 1 -0.5
98.2251 1 -0.5
100 1 -0.5
-100 2.7 -0.5
-98.2251 2.7 -0.5
-57.1912 2.7 -0.5
-33.0537 2.7 -0.5
-18.8551 2.7 -0.5
-10.503 2.7 -0.5
-5.59 2.7 -0.5
-2.7 2.7 -0.5
-1 2.7 -0.5
0 2.7 -0.5
1 2.7 -0.5
2.7 2.7 -0.5
5.59 2.7 -0.5
10.503 2.7 -0.5
18.8551 2.7 -0.5
33.0537 2.7 -0.5
57.1912 2.7 -0.5
98.2251 2.7 -0.5
100 2.7 -0.5
-100 5.59 -0.5
-98.2251 5.59 -0.5
-57.1912 5.59 -0.5
-33.0537 5.59 -0.5
-18.8551 5.59 -0.5
-10.503 5.59 -0.5
-5.59 5.59 -0.5
-2.7 5.59 -0.5
-1 5.59 -0.5
0 5.59 -0.5
1 5.59 -0.5
2.7 5.59 -0.5
5.59 5.59 -0.5
10.503 5.59 -0.5
18.8551 5.59 -0.5
33.0537 5.59 -0.5
57.1912 5.59 -0.5
98.2251 5.59 -0.5
100 5.59 -0.5
-100 10.503 -0.5
-98.2251 10.503 -0.5
-57.1912 10.503 -0.5
-33.0537 10.503 -0.5
-18.8551 10.503 -0.5
-10.503 10.503 -0.5
-5.59 10.503 -0.5
-2.7 10.503 -0.5
-1 10.503 -0.5
0 10.503 -0.5
1 10.503 -0.5
2.7 10.503 -0.5
5.59 10.503 -0.5
10.503 10.503 -0.5
18.8551 10.503 -0.5
33.0537 10.503 -0.5
57.1912 10.503 -0.5
98.2251 10.503 -0.5
100 10.503 -0.5
-100 18.8551 -0.5
-98.2251 18.8551 -0.5
-57.1912 18.8551 -0.5
-33.0537 18.8551 -0.5
-18.8551 18.8551 -0.5
-10.503 18.8551 -0.5
-5.59 18.8551 -0.5
-2.7 18.8551 -0.5
-1 18.8551 -0.5
0 18.8551 -0.5
1 18.8551 -0.5
2.7 18.8551 -0.5
5.59 18.8551 -0.5
10.503 18.8551 -0.5
18.8551 18.8551 -0.5
33.0537 18.8551 -0.5
57.1912 18.8551 -0.5
98.2251 18.8551 -0.5
100 18.8551 -0.5
-100 33.0537 -0.5
-98.2251 33.0537 -0.5
-57.1912 33.0537 -0.5
-33.0537 33.0537 -0.5
-18.8551 33.0537 -0.5
-10.503 33.0537 -0.5
-5.59 33.0537 -0.5
-2.7 33.0537 -0.5
-1 33.0537 -0.5
0 33.0537 -0.5
1 33.0537 -0.5
2.7 33.0537 -0.5
5.59 33.0537 -0.5
10.503 33.0537 -0.5
18.8551 33.0537 -0.5
33.0537 33.0537 -0.5
57.1912 33.0537 -0.5
98.2251 33.0537 -0.5
100 33.0537 -0.5
-100 57.1912 -0.5
-98.2251 57.1912 -0.5
-57.1912 57.1912 -0.5
-33.0537 57.1912 -0.5
-18.8551 57.1912 -0.5
-10.503 57.1912 -0.5
-5.59 57.1912 -0.5
-2.7 57.1912 -0.5
-1 57.1912 -0.5
0 57.1912 -0.5
1 57.1912 -0.5
2.7 57.1912 -0.5
5.59 57.1912 -0.5
10.503 57.1912 -0.5
18.8551 57.1912 -0.5
33.0537 57.1912 -0.5
57.1912 57.1912 -0.5
98.2251 57.1912 -0.5
100 57.1912 -0.5
-100 80 -0.5
-98.2251 80 -0.5
-57.1912 80 -0.5
-33.0537 80 -0.5
-18.8551 80 -0.5
-10.503 80 -0.5
-5.59 80 -0.5
-2.7 80 -0.5
-1 80 -0.5
0 80 -0.5
1 80 -0.5
2.7 80 -0.5
5.59 80 -0.5
10.503 80 -0.5
18.8551 80 -0.5
33.0537 80 -0.5
57.1912 80 -0.5
98.2251 80 -0.5
100 80 -0.5
-100 98.2251 -0.5
-98.2251 98.2251 -0.5
-57.1912 98.2251 -0.5
-33.0537 98.2251 -0.5
-18.8551 98.2251 -0.5
-10.503 98.2251 -0.5
-5.59 98.2251 -0.5
-2.7 98.2251 -0.5
-1 98.2251 -0.5
0 98.2251 -0.5
1 98.2251 -0.5
2.7 98.2251 -0.5
5.59 98.2251 -0.5
10.503 98.2251 -0.5
18.8551 98.2251 -0.5
33.0537 98.2251 -0.5
57.1912 98.2251 -0.5
98.2251 98.2251 -0.5
100 98.2251 -0.5
-100 100 -0.5
-98.2251 100 -0.5
-57.1912 100 -0.5
-33.0537 100 -0.5
-18.8551 100 -0.5
-10.503 100 -0.5
-5.59 100 -0.5
-2.7 100 -0.5
-1 100 -0.5
0 100 -0.5
1 100 -0.5
2.7 100 -0.5
5.59 100 -0.5
10.503 100 -0.5
18.8551 100 -0.5
33.0537 100 -0.5
57.1912 100 -0.5
98.2251 100 -0.5
100 100 -0.5
-100 -100 0
-98.2251 -100 0
-57.1912 -100 0
-33.0537 -100 0
-18.8551 -100 0
-10.503 -100 0
-5.59 -100 0
-2.7 -100 0
-1 -100 0
0 -100 0
1 -100 0
2.7 -100 0
5.59 -100 0
10.503 -100 0
18.8551 -100 0
33.0537 -100 0
57.1912 -100 0
98.2251 -100 0
100 -100 0
-100 -98.2251 0
-98.2251 -98.2251 0
-57.1912 -98.2251 0
-33.0537 -98.2251 0
-18.8551 -98.2251 0
-10.503 -98.2251 0
-5.59 -98.2251 0
-2.7 -98.2251 0
-1 -98.2251 0
0 -98.2251 0
1 -98.2251 0
2.7 -98.2251 0
5.59 -98.2251 0
10.503 -98.2251 0
18.8551 -98.2251 0
33.0537 -98.2251 0
57.1912 -98.2251 0
98.2251 -98.2251 0
100 -98.2251 0
-100 -57.1912 0
-98.2251 -57.1912 0
-57.1912 -57.1912 0
-33.0537 -57.1912 0
-18.8551 -57.1912 0
-10.503 -57.1912 0
-5.59 -57.1912 0
-2.7 -57.1912 0
-1 -57.1912 0
0 -57.1912 0
1 -57.1912 0
2.7 -57.1912 0
5.59 -57.1912 0
10.503 -57.1912 0
18.8551 -57.1912 0
33.0537 -57.1912 0
57.1912 -57.1912 0
98.2251 -57.1912 0
100 -57.1912 0
-100 -33.0537 0
-98.2251 -33.0537 0
-57.1912 -33.0537 0
-33.0537 -33.0537 0
-18.8551 -33.0537 0
-10.503 -33.0537 0
-5.59 -33.0537 0
-2.7 -33.0537 0
-1 -33.0537 0
0 -33.0537 0
1 -33.0537 0
2.7 -33.0537 0
5.59 -33.0537 0
10.503 -33.0537 0
18.8551 -33.0537 0
33.0537 -33.0537 0
57.1912 -33.0537 0
98.2251 -33.0537 0
100 -33.0537 0
-100 -18.8551 0
-98.2251 -18.8551 0
-57.1912 -18.8551 0
-33.0537 -18.8551 0
-18.8551 -18.8551 0
-10.503 -18.8551 0
-5.59 -18.8551 0
-2.7 -18.8551 0
-1 -18.8551 0
0 -18.8551 0
1 -18.8551 0
2.7 -18.8551 0
5.59 -18.8551 0
10.503 -18.8551 0
18.8551 -18.8551 0
33.0537 -18.8551 0
57.1912 -18.8551 0
98.2251 -18.8551 0
100 -18.8551 0
-100 -10.503 0
-98.2251 -10.503 0
-57.1912 -10.503 0
-33.0537 -10.503 0
-18.8551 -10.503 0
-10.503 -10.503 0
-5.59 -10.503 0
-2.7 -10.503 0
-1 -10.503 0
0 -10.503 0
1 -10.503 0
2.7 -10.503 0
5.59 -10.503 0
10.503 -10.503 0
18.8551 -10.503 0
33.0537 -10.503 0
57.1912 -10.503 0
98.2251 -10.503 0
100 -10.503 0
-100 -5.59 0
-98.2251 -5.59 0
-57.1912 -5.59 0
-33.0537 -5.59 0
-18.8551 -5.59 0
-10.503 -5.59 0
-5.59 -5.59 0
-2.7 -5.59 0
-1 -5.59 0
0 -5.59 0
1 -5.59 0
2.7 -5.59 0
5.59 -5.59 0
10.503 -5.59 0
18.8551 -5.59 0
33.0537 -5.59 0
57.1912 -5.59 0
98.2251 -5.59 0
100 -5.59 0
-100 -2.7 0
-98.2251 -2.7 0
-57.1912 -2.7 0
-33.0537 -2.7 0
-18.8551 -2.7 0
-10.503 -2.7 0
-5.59 -2.7 0
-2.7 -2.7 0
-1 -2.7 0
0 -2.7 0
1 -2.7 0
2.7 -2.7 0
5.59 -2.7 0
10.503 -2.7 0
18.8551 -2.7 0
33.0537 -2.7 0
57.1912 -2.7 0
98.2251 -2.7 0
100 -2.7 0
-100 -1 0
-98.2251 -1 0
-57.1912 -1 0
-33.0537 -1 0
-18.8551 -1 0
-10.503 -1 0
-5.59 -1 0
-2.7 -1 0
-1 -1 0
0 -1 0
1 -1 0
2.7 -1 0
5.59 -1 0
10.503 -1 0
18.8551 -1 0
33.0537 -1 0
57.1912 -1 0
98.2251 -1 0
100 -1 0
-100 0 0
-98.2251 0 0
-57.1912 0 0
-33.0537 0 0
-18.8551 0 0
-10.503 0 0
-5.59 0 0
-2.7 0 0
-1 0 0
0 0 0
1 0 0
2.7 0 0
5.59 0 0
10.503 0 0
18.8551 0 0
33.0537 0 0
57.1912 0 0
98.2251 0 0
100 0 0
-100 1 0
-98.2251 1 0
-57.1912 1 0
-33.0537 1 0
-18.8551 1 0
-10.503 1 0
-5.59 1 0
-2.7 1 0
-1 1 0
0 1 0
1 1 0
2.7 1 0
5.59 1 0
10.503 1 0
18.8551 1 0
33.0537 1 0
57.1912 1 0
98.2251 1 0
100 1 0
-100 2.7 0
-98.2251 2.7 0
-57.1912 2.7 0
-33.0537 2.7 0
-18.8551 2.7 0
-10.503 2.7 0
-5.59 2.7 0
-2.7 2.7 0
-1 2.7 0
0 2.7 0
1 2.7 0
2.7 2.7 0
5.59 2.7 0
10.503 2.7 0
18.8551 2.7 0
33.0537 2.7 0
57.1912 2.7 0
98.2251 2.7 0
100 2.7 0
-100 5.59 0
-98.2251 5.59 0
-57.1912 5.59 0
-33.0537 5.59 0
-18.8551 5.59 0
-10.503 5.59 0
-5.59 5.59 0
-2.7 5.59 0
-1 5.59 0
0 5.59 0
1 5.59 0
2.7 5.59 0
5.59 5.59 0
10.503 5.59 0
18.8551 5.59 0
33.0537 5.59 0
57.1912 5.59 0
98.2251 5.59 0
100 5.59 0
-100 10.503 0
-98.2251 10.503 0
-57.1912 10.503 0
-33.0537 10.503 0
-18.8551 10.503 0
-10.503 10.503 0
-5.59 10.503 0
-2.7 10.503 0
-1 10.503 0
0 10.503 0
1 10.503 0
2.7 10.503 0
5.59 10.503 0
10.503 10.503 0
18.8551 10.503 0
33.0537 10.503 0
57.1912 10.503 0
98.2251 10.503 0
100 10.503 0
-100 18.8551 0
-98.2251 18.8551 0
-57.1912 18.8551 0
-33.0537 18.8551 0
-18.8551 18.8551 0
-10.503 18.8551 0
-5.59 18.8551 0
-2.7 18.8551 0
-1 18.8551 0
0 18.8551 0
1 18.8551 0
2.7 18.8551 0
5.59 18.8551 0
10.503 18.8551 0
18.8551 18.8551 0
33.0537 18.8551 0
57.1912 18.8551 0
98.2251 18.8551 0
100 18.8551 0
-100 33.0537 0
-98.2251 33.0537 0
-57.1912 33.0537 0
-33.0537 33.0537 0
-18.8551 33.0537 0
-10.503 33.0537 0
-5.59 33.0537 0
-2.7 33.0537 0
-1 33.0537 0
0 33.0537 0
1 33.0537 0
2.7 33.0537 0
5.59 33.0537 0
10.503 33.0537 0
18.8551 33.0537 0
33.0537 33.0537 0
57.1912 33.0537 0
98.2251 33.0537 0
100 33.0537 0
-100 57.1912 0
-98.2251 57.1912 0
-57.1912 57.1912 0
-33.0537 57.1912 0
-18.8551 57.1912 0
-10.503 57.1912 0
-5.59 57.1912 0
-2.7 57.1912 0
-1 57.1912 0
0 57.1912 0
1 57.1912 0
2.7 57.1912 0
5.59 57.1912 0
10.503 57.1912 0
18.8551 57.1912 0
33.0537 57.1912 0
57.1912 57.1912 0
98.2251 57.1912 0
100 57.1912 0
-100 80 0
-98.2251 80 0
-57.1912 80 0
-33.0537 80 0
-18.8551 80 0
-10.503 80 0
-5.59 80 0
-2.7 80 0
-1 80 0
0 80 0
1 80 0
2.7 80 0
5.59 80 0
10.503 80 0
18.8551 80 0
33.0537 80 0
57.1912 80 0
98.2251 80 0
100 80 0
-100 98.2251 0
-98.2251 98.2251 0
-57.1912 98.2251 0
-33.0537 98.2251 0
-18.8551 98.2251 0
-10.503 98.2251 0
-5.59 98.2251 0
-2.7 98.2251 0
-1 98.2251 0
0 98.2251 0
1 98.2251 0
2.7 98.2251 0
5.59 98.2251 0
10.503 98.2251 0
18.8551 98.2251 0
33.0537 98.2251 0
57.1912 98.2251 0
98.2251 98.2251 0
100 98.2251 0
-100 100 0
-98.2251 100 0
-57.1912 100 0
-33.0537 100 0
-18.8551 100 0
-10.503 100 0
-5.59 100 0
-2.7 100 0
-1 100 0
0 100 0
1 100 0
2.7 100 0
5.59 100 0
10.503 100 0
18.8551 100 0
33.0537 100 0
57.1912 100 0
98.2251 100 0
100 100 0
