ERROR: file `not_optimized_field.txt` not found.
Ошибка. Не правильно заданы подобласти. Общая площадь не равна сумме площадей подобластей.
xNet
-100
-69.1174
-48.8696
-34.4068
-24.0763
-16.6974
-11.4267
-7.66192
-4.9728
-3.052
-1.68
-0.7
0
0.7
1.61
2.793
4.3309
6.33017
8.92922
12.308
16.7004
20
23.2996
27.692
31.0708
33.6698
35.6691
37.207
38.39
39.3
40
40.7
41.4
42.1
42.8
43.5
44.2
44.9
45.6
46.3
47
47.7
48.4
49.1
49.8
50
50.7
51.61
52.793
54.3309
56.3302
58.9292
62.308
66.7004
72.4105
79.8336
89.4837
100
yNet
-100
-69.1174
-48.8696
-34.4068
-24.0763
-16.6974
-11.4267
-7.66192
-4.9728
-3.052
-1.68
-0.7
0
0.7
1.61
2.793
4.3309
6.33017
8.92922
12.308
16.7004
20
23.2996
27.692
31.0708
33.6698
35.6691
37.207
38.39
39.3
40
40.7
41.4
42.1
42.8
43.5
44.2
44.9
45.6
46.3
47
47.7
48.4
49.1
49.8
50
50.7
51.61
52.793
54.3309
56.3302
58.9292
62.308
66.7004
72.4105
79.8336
89.4837
100
zNet
-100
-84.4068
-74.0763
-66.6974
-61.4267
-57.6619
-54.9728
-53.052
-51.68
-50.7
-50
-49.8
-49.1
-48.4
-47.7
-47
-46.3
-45.6
-44.9
-44.2
-43.5
-42.8
-42.1
-41.4
-40.7
-40
-39.3
-38.46
-37.452
-36.2424
-34.7909
-33.0491
-30.9589
-28.4506
-25.4408
-21.8289
-20
-18.1711
-14.5592
-11.5494
-9.04113
-6.95094
-5.20912
-3.7576
-2.548
-1.54
-0.7
0
Grid optimization disabled
SourceType=1, point({ x = 0; y = 0; z = 0},i=158816, power=1
