4
-450 450 -400 400 -200 -15 0.1 0
-1000 3000 -2000 2000 -100 0 0.01 0
-1000 3000 -2000 2000 -300 -100 0.005 0
-1000 3000 -2000 2000 -1000 -300 0.05 0

-1000 2
100 3000
15 15
1.1 1.2
-1 1

-2000 2
0 2000
15 15
1.2 1.2
-1 1

-1000 3
-300 -100 0 
25 25 15
1.2 1.1 1
-1 -1 -1
//--------------------//
7
-10 10 -10 -1 -10 0 1 0
-10 10 0 10 -10 0 1 0
-10 10 -1 0 -10 -2 1 0
-10 10 -1 0 -1.5 0 1 0
-10 -4 -1 0 -2 -1.5 1 0
-3.5 10 -1 0 -2 -1.5 1 0
-4 -3.5 -1 0 -2 -1.5 0.5 0

-10 3
-4 -3.5 10
0.1 0.05 0.05
1.3 1 1.2
-1 1 1

-10 3
-1 0 10
0.1 0.05 0.05
1.3 1 1.3
-1 1 1

-10 3
-2 -1.5 0
0.1 0.05 0.51
1.3 1 1.2
-1 1 1
//--------------------//
1
-10 10 -10 10 -10 0 1 0

-10 2
0 10
0.1 0.1
1.3 1.3
-1 1

-10 2
0 10
0.1 0.1
1.3 1.3
-1 1

-10 1
0
0.1
1.3
-1
//--------------------//
2
-10 8 -10 10 -10 0 5 0
8 10 -10 10 -10 0 2 0

-10 2
8 10
0.05 0.05
1.2 1.2
-1 1

-10 2
0 10
0.1 0.1
1.2 1.2
-1 1

-10 1
0
0.1
1.2
-1
//--------------------//
1
0 10 0 10 0 10 1 1

0 2
5 10
0.2 0.2
1.7 1.7
-1 1

0 2
5 10
0.2 0.2
1.7 1.7
-1 1

0 2
5 10
0.2 0.2
1.7 1.7
-1 1
//--------------------//
1
0 5 0 5 0 5 1 1

0 1
5
1
1.7
1

0 1
5
1
1.7
1

0 1 
5
1
1.7
1
//--------------------//	error when all optimizations active, cannot calc T
1
0 3 0 3 0 3 1 1

0 1
3
1
1
1

0 1
3
1
1
1

0 1
3
1
1
1
//--------------------1 объединенный элемент внутри
1
0 4.75 0 4.75 0 5 1 1

0 1 
4.75
1
1.5
1

0 1
4.75
1
1.5
1

0 1
5
5
2
1
//--------------------//	like in book
1
0 3 0 5 0 5 1 1

0 1 
3
1
1
1

0 1
5
4
1
1

0 1
5
4
1
1
//--------------------//с внутренним нетерминальным узлом
1
0 5 0 5 0 5 1 1

0 1
5
1
1.7
1

0 1
5
1
1.7
1

0 1 
5
1
1.7
1
//--------------------//	error when all optimizations active, cannot calc T
1
0 5 0 5 0 3 1 1

0 1
5
4
1
1

0 1
5
4
1
1

0 1 
3
1.5
1
1
//--------------------//	check Z optimization
1
0 5 0 5 0 5 1 1

0 1 
5
0.2
2
1

0 1
5
0.2
2
1

0 1
5
0.2
2
1
//--------------------//	считает не правильно(
1
0 3 0 2 0 2 1 1

0 1 
3
1
1
1

0 1
2
1
1
1

0 1
2
1
1
1
//--------------------//term node for 2 different edges
1
0 3 0 5 0 5 1 1

0 1 
3
1.5
1
1

0 1
5
4
1
1

0 1
5
4
1
1
//--------------------//simple
2
0 3 0 5 0 5 1 1
-1 0 0 5 0 5 1 1

-1 2
0 3
2 2
1 1
1 1

0 1
5
4
1
1

0 1
5
4
1
1
//--------------------//с внутренним нетерминальным узлом
1
0 3 0 5 0 5 1 1

0 1
3
2
1
1

0 1
5
4
1
1

0 1
5
4
1
1
//--------------------//все ребра есть, но узел терминальный
1
0 2 0 2 0 3 1 1

0 1
2
1
1
1

0 1
2
1
1
1

0 1
3
1
1
1
//--------------------кирпичик посередине
1
0 1 0 1.3 0 1.8 1 1

0 1
1
0.6
1
1

0 1
1.3
0.5
1.1
1

0 1
1.5
0.5
2
1
//--------------------1 терминальный внутренний(не получилось:()
1
0 2 0 1.5 0 1 1 1

0 1
2
0.2
1.5
1

0 1
1.5
0.5
1
1

0 1
1
0.5
1
1
//--------------------без оптимизаций
1
0 1 0 1.1 0 1.5 1 1

0 1
1
0.6
1
1

0 1
1.1
0.5
3
1

0 1
1.5
0.5
3
1
//--------------------тест с 1 внутренним узлом
1
0 1 0 1 0 1 1 1

0 1
1
0.2
2
1

0 1
1
0.5
5
1

0 1
1
0.8
2
1
//--------------------нет нижнего ребра но узел находится лишь на одной функции
1
0 2 0 1.2 0 1 1 1

0 1
2
0.2
1.5
1

0 1
1.2
1
1
1

0 1
1
1
1
1
//--------------------перехлест
0 2 0 2 0 2 1 1

0 1
2
1
1.5
1

0 1
2
2
1
1

0 1
2
1
1
1
//--------------------
1
0 1.2 0 2 0 2 1 1

0 1
1.2
1
1
1

0 1
2
0.3
2
1

0 1
2
1
1
1
//--------------------цепочка
4
0 1 0 1 0 2 1 1
1 2 0 1 0 2 1 1
0 2 1 4 0 2 1 1
2 6 0 4 0 2 1 1

0 3
1 2 6
1 1 4
1 1 1
1 1 1

0 2
1 4
1 3
1 1
1 1

0 1
2
1
1
1
//--------------------
1
0 2 0 1.2 0 2 1 1

0 1
2
0.2
1.5
1

0 1
1.2
1
1
1

0 1
2
1
1
1
//--------------------
1
0 2 0 1.2 0 2 1 1

0 1
2
0.3
2
1

0 1
1.2
1
1
1

0 1
2
1
1
1
//--------------------

//--------------------
1
0 3 0 3 0 3 1 1

0 1
3
0.5
2
1

0 1
3
0.5
2
1

0 1
3
0.5
2
1
//--------------------
8
5 10 5 20 0 3 1 1
5 10 20 41 0 3 1 1
10 20 5 20 0 3 1 1
10 20 20 41 0 3 1 1
20 31 5 20 0 3 1 1
20 31 20 41 0 3 1 1
31 41 5 20 0 3 1 1
31 41 20 41 0 3 1 1

5 4
10 20 31 41
2 1 1 2
1.3 1.2 1.2 1.3
-1 -1 1 1

5 2
20 41
1 1
1.2 1.2
-1 1

0 1
3
0.5
2
1
//------------------
1
0 3 0 3 0 3 1 1

0 1
3
3
1
1

0 1
3
3
1
1

0 1
3
3
1
1
//--------------------
