0   0   0
0   1   1
1   2   1
2   3   1
3   4   1
4   5   1
5   6   1
6   7   2
8   8   4
12   9   4
16   10   4
20   11   4
24   12   4
28   13   3
31   14   2
33   15   4
37   16   4
41   17   4
45   18   4
49   19   4
53   20   3
56   21   3
59   22   4
63   23   2
65   24   4
69   25   4
73   26   5
78   27   5
83   28   6
89   29   8
97   30   5
102   31   6
108   32   7
115   33   4
119   34   4
123   35   3
126   36   7
133   37   8
141   38   2
143   39   4
147   40   9
156   41   12
168   42   9
177   43   4
181   44   3
184   45   2
186   46   4
190   47   4
194   48   4
198   49   4
202   50   4
206   51   3
209   52   2
211   53   4
215   54   4
219   55   4
223   56   4
227   57   4
231   58   3
234   59   4
238   60   7
245   61   7
252   62   7
259   63   7
266   64   7
273   65   5
278   66   8
286   67   13
299   68   13
312   69   13
325   70   13
338   71   13
351   72   9
360   73   8
368   74   13
381   75   18
399   76   21
420   77   8
428   78   14
442   79   15
457   80   8
465   81   13
478   82   13
491   83   18
509   84   17
526   85   18
544   86   24
568   87   16
584   88   17
601   89   19
620   90   7
627   91   19
646   92   20
666   93   8
674   94   13
687   95   7
694   96   8
702   97   12
714   98   7
721   99   6
727   100   9
736   101   8
744   102   7
751   103   7
758   104   8
766   105   6
772   106   4
776   107   7
783   108   7
790   109   7
797   110   7
804   111   7
811   112   5
816   113   8
824   114   13
837   115   13
850   116   13
863   117   13
876   118   13
889   119   9
898   120   8
906   121   13
919   122   18
937   123   21
958   124   28
986   125   18
1004   126   9
1013   127   15
1028   128   16
1044   129   8
1052   130   13
1065   131   13
1078   132   18
1096   133   17
1113   134   18
1131   135   25
1156   136   17
1173   137   18
1191   138   20
1211   139   15
1226   140   16
1242   141   9
1251   142   19
1270   143   20
1290   144   8
1298   145   13
1311   146   33
1344   147   39
1383   148   29
1412   149   16
1428   150   9
1437   151   8
1445   152   13
1458   153   18
1476   154   16
1492   155   16
1508   156   18
1526   157   9
1535   158   6
1541   159   10
1551   160   10
1561   161   10
1571   162   10
1581   163   10
1591   164   7
1598   165   12
1610   166   13
1623   167   15
1638   168   15
1653   169   16
1669   170   22
1691   171   15
1706   172   16
1722   173   18
1740   174   19
1759   175   20
1779   176   6
1785   177   10
1795   178   13
1808   179   7
1815   180   14
1829   181   13
1842   182   6
1848   183   10
1858   184   11
1869   185   18
1887   186   15
1902   187   16
1918   188   22
1940   189   15
1955   190   16
1971   191   20
1991   192   11
2002   193   10
2012   194   7
2019   195   19
2038   196   20
2058   197   9
2067   198   16
2083   199   10
2093   200   7
2100   201   8
2108   202   13
2121   203   12
2133   204   11
2144   205   13
2157   206   15
2172   207   8
2180   208   13
2193   209   13
2206   210   12
2218   211   16
2234   212   15
2249   213   22
2271   214   15
2286   215   17
2303   216   12
2315   217   13
2328   218   13
2341   219   9
2350   220   19
2369   221   15
2384   222   11
2395   223   12
2407   224   13
2420   225   9
2429   226   4
2433   227   7
2440   228   7
2447   229   9
2456   230   9
2465   231   10
2475   232   13
2488   233   9
2497   234   10
2507   235   11
2518   236   7
2525   237   7
2532   238   5
2537   239   8
2545   240   13
2558   241   13
2571   242   18
2589   243   17
2606   244   18
2624   245   25
2649   246   17
2666   247   18
2684   248   20
2704   249   13
2717   250   13
2730   251   9
2739   252   8
2747   253   13
2760   254   14
2774   255   43
2817   256   16
2833   257   17
2850   258   24
2874   259   16
2890   260   17
2907   261   45
2952   262   14
2966   263   13
2979   264   9
2988   265   10
2998   266   16
3014   267   17
3031   268   33
3064   269   15
3079   270   16
3095   271   23
3118   272   15
3133   273   16
3149   274   35
3184   275   17
3201   276   16
3217   277   11
3228   278   10
3238   279   16
3254   280   17
3271   281   17
3288   282   23
3311   283   16
3327   284   25
3352   285   16
3368   286   24
3392   287   17
3409   288   17
3426   289   16
3442   290   11
3453   291   12
3465   292   19
3484   293   20
3504   294   17
3521   295   16
3537   296   16
3553   297   25
3578   298   16
3594   299   16
3610   300   17
3627   301   20
3647   302   19
3666   303   13
3679   304   16
3695   305   25
3720   306   26
3746   307   23
3769   308   21
3790   309   20
3810   310   29
3839   311   20
3859   312   21
3880   313   23
3903   314   26
3929   315   25
3954   316   17
3971   317   10
3981   318   16
3997   319   16
4013   320   14
4027   321   14
4041   322   14
4055   323   19
4074   324   14
4088   325   14
4102   326   14
4116   327   16
4132   328   16
4148   329   11
4159   330   12
4171   331   19
4190   332   19
4209   333   19
4228   334   26
4254   335   14
4268   336   19
4287   337   14
4301   338   27
4328   339   19
4347   340   19
4366   341   19
4385   342   13
4398   343   14
4412   344   22
4434   345   23
4457   346   43
4500   347   15
4515   348   15
4530   349   21
4551   350   14
4565   351   16
4581   352   45
4626   353   23
4649   354   22
4671   355   15
4686   356   8
4694   357   13
4707   358   14
4721   359   58
4779   360   16
4795   361   17
4812   362   24
4836   363   16
4852   364   17
4869   365   60
4929   366   14
4943   367   13
4956   368   9
4965   369   8
4973   370   13
4986   371   13
4999   372   18
5017   373   17
5034   374   18
5052   375   25
5077   376   17
5094   377   18
5112   378   20
5132   379   13
5145   380   13
5158   381   9
5167   382   6
5173   383   10
5183   384   10
5193   385   14
5207   386   13
5220   387   14
5234   388   20
5254   389   13
5267   390   14
5281   391   16
5297   392   10
5307   393   10
5317   394   7
5324   395   14
5338   396   22
5360   397   22
5382   398   20
5402   399   20
5422   400   20
5442   401   14
5456   402   22
5478   403   24
5502   404   22
5524   405   27
5551   406   17
5568   407   24
5592   408   17
5609   409   28
5637   410   22
5659   411   24
5683   412   22
5705   413   15
5720   414   24
5744   415   22
5766   416   20
5786   417   22
5808   418   22
5830   419   15
5845   420   16
5861   421   25
5886   422   25
5911   423   25
5936   424   42
5978   425   14
5992   426   16
6008   427   25
6033   428   27
6060   429   53
6113   430   19
6132   431   15
6147   432   24
6171   433   14
6185   434   20
6205   435   55
6260   436   27
6287   437   25
6312   438   17
6329   439   20
6349   440   48
6397   441   27
6424   442   28
6452   443   25
6477   444   17
6494   445   15
6509   446   14
6523   447   73
6596   448   15
6611   449   16
6627   450   24
6651   451   15
6666   452   16
6682   453   76
6758   454   20
6778   455   23
6801   456   4
6805   457   7
6812   458   25
6837   459   34
6871   460   25
6896   461   10
6906   462   5
6911   463   8
6919   464   13
6932   465   8
6940   466   18
6958   467   28
6986   468   77
7063   469   106
7169   470   76
7245   471   32
7277   472   19
7296   473   15
7311   474   15
7326   475   24
7350   476   37
7387   477   38
7425   478   22
7447   479   15
7462   480   16
7478   481   23
7501   482   15
7516   483   16
7532   484   24
7556   485   38
7594   486   37
7631   487   25
7656   488   18
7674   489   20
7694   490   27
7721   491   82
7803   492   103
7906   493   73
7979   494   28
8007   495   19
8026   496   11
8037   497   31
8068   498   37
8105   499   28
8133   500   13
8146   501   9
8155   502   6
8161   503   9
8170   504   20
8190   505   26
8216   506   20
8236   507   10
8246   508   7
8253   509   4
8257   510   7
8264   511   8
8272   512   7
8279   513   7
8286   514   8
8294   515   5
8299   516   8
8307   517   12
8319   518   7
8326   519   8
8334   520   13
8347   521   20
8367   522   21
8388   523   18
8406   524   15
8421   525   9
8430   526   15
8445   527   16
8461   528   8
8469   529   12
8481   530   13
8494   531   18
8512   532   17
8529   533   18
8547   534   25
8572   535   17
8589   536   18
8607   537   20
8627   538   13
8640   539   13
8653   540   9
8662   541   19
8681   542   20
8701   543   10
8711   544   25
8736   545   29
8765   546   23
8788   547   13
8801   548   9
8810   549   9
8819   550   14
8833   551   13
8846   552   13
8859   553   13
8872   554   9
8881   555   6
8887   556   8
8895   557   10
8905   558   10
8915   559   10
8925   560   10
8935   561   7
8942   562   4
8946   563   7
8953   564   7
8960   565   7
8967   566   7
8974   567   7
8981   568   5
8986   569   8
8994   570   12
9006   571   11
9017   572   10
9027   573   10
9037   574   11
9048   575   8
9056   576   8
9064   577   13
9077   578   18
9095   579   21
9116   580   18
9134   581   13
9147   582   9
9156   583   15
9171   584   16
9187   585   8
9195   586   12
9207   587   13
9220   588   18
9238   589   17
9255   590   18
9273   591   25
9298   592   17
9315   593   18
9333   594   20
9353   595   13
9366   596   13
9379   597   9
9388   598   19
9407   599   20
9427   600   8
9435   601   11
9446   602   23
9469   603   29
9498   604   23
9521   605   13
9534   606   9
9543   607   8
9551   608   11
9562   609   13
9575   610   13
9588   611   13
9601   612   13
9614   613   9
9623   614   6
9629   615   9
9638   616   10
9648   617   10
9658   618   10
9668   619   10
9678   620   7
9685   621   