string 0: 
string 1: 0 
string 2: 1 
string 3: 2 
string 4: 3 
string 5: 4 
string 6: 5 
string 7: 0 1 
string 8: 0 1 2 7 
string 9: 1 2 3 8 
string 10: 2 3 4 9 
string 11: 3 4 5 10 
string 12: 4 5 6 11 
string 13: 5 6 12 
string 14: 7 8 
string 15: 7 8 9 14 
string 16: 8 9 10 15 
string 17: 9 10 11 16 
string 18: 10 11 12 17 
string 19: 11 12 13 18 
string 20: 12 13 19 
string 21: 16 17 18 
string 22: 16 17 18 21 
string 23: 14 15 
string 24: 14 15 16 23 
string 25: 15 16 17 24 
string 26: 16 17 21 22 25 
string 27: 16 17 21 22 26 
string 28: 16 17 21 22 26 27 
string 29: 16 17 18 21 22 26 27 28 
string 30: 17 18 21 22 29 
string 31: 17 18 21 22 29 30 
string 32: 17 18 21 22 29 30 31 
string 33: 17 18 19 32 
string 34: 18 19 20 33 
string 35: 19 20 34 
string 36: 26 27 28 29 30 31 32 
string 37: 26 27 28 29 30 31 32 36 
string 38: 23 24 
string 39: 23 24 25 38 
string 40: 24 25 26 27 28 29 36 37 39 
string 41: 25 26 27 28 29 30 31 32 33 36 37 40 
string 42: 29 30 31 32 33 34 36 37 41 
string 43: 33 34 35 42 
string 44: 34 35 43 
string 45: 38 39 
string 46: 38 39 40 45 
string 47: 39 40 41 46 
string 48: 40 41 42 47 
string 49: 41 42 43 48 
string 50: 42 43 44 49 
string 51: 43 44 50 
string 52: 45 46 
string 53: 45 46 47 52 
string 54: 46 47 48 53 
string 55: 47 48 49 54 
string 56: 48 49 50 55 
string 57: 49 50 51 56 
string 58: 50 51 57 
string 59: 0 1 7 8 
string 60: 0 1 2 7 8 9 59 
string 61: 1 2 3 8 9 10 60 
string 62: 2 3 4 9 10 11 61 
string 63: 3 4 5 10 11 12 62 
string 64: 4 5 6 11 12 13 63 
string 65: 5 6 12 13 64 
string 66: 0 1 7 8 14 15 59 60 
string 67: 0 1 2 7 8 9 14 15 16 59 60 61 66 
string 68: 1 2 3 8 9 10 15 16 17 60 61 62 67 
string 69: 2 3 4 9 10 11 16 17 18 61 62 63 68 
string 70: 3 4 5 10 11 12 17 18 19 62 63 64 69 
string 71: 4 5 6 11 12 13 18 19 20 63 64 65 70 
string 72: 5 6 12 13 19 20 64 65 71 
string 73: 7 8 14 15 23 24 66 67 
string 74: 7 8 9 14 15 16 23 24 25 66 67 68 73 
string 75: 8 9 10 15 16 17 21 22 24 25 26 27 28 29 67 68 69 74 
string 76: 9 10 11 16 17 18 21 22 25 26 27 28 29 30 31 32 33 68 69 70 75 
string 77: 12 13 19 20 34 35 71 72 
string 78: 16 17 18 21 22 26 27 28 29 30 31 32 75 76 
string 79: 16 17 18 21 22 26 27 28 29 30 31 32 75 76 78 
string 80: 14 15 23 24 38 39 73 74 
string 81: 14 15 16 23 24 25 38 39 40 73 74 75 80 
string 82: 15 16 17 24 25 26 39 40 41 74 75 76 81 
string 83: 16 17 21 22 25 26 27 28 29 36 37 40 41 75 76 78 79 82 
string 84: 16 17 21 22 26 27 28 29 36 37 40 41 75 76 78 79 83 
string 85: 16 17 21 22 26 27 28 29 36 37 40 41 75 76 78 79 83 84 
string 86: 16 17 18 21 22 26 27 28 29 30 31 32 36 37 40 41 42 75 76 78 79 83 84 85 
string 87: 17 18 21 22 29 30 31 32 36 37 41 42 76 78 79 86 
string 88: 17 18 21 22 29 30 31 32 36 37 41 42 76 78 79 86 87 
string 89: 17 18 21 22 29 30 31 32 33 36 37 41 42 76 78 79 86 87 88 
string 90: 19 20 34 35 43 44 77 
string 91: 26 27 28 29 30 31 32 36 37 40 41 42 83 84 85 86 87 88 89 
string 92: 26 27 28 29 30 31 32 36 37 40 41 42 83 84 85 86 87 88 89 91 
string 93: 23 24 38 39 45 46 80 81 
string 94: 23 24 25 38 39 40 45 46 47 80 81 82 93 
string 95: 34 35 43 44 50 51 90 
string 96: 38 39 45 46 52 53 93 94 
string 97: 38 39 40 45 46 47 52 53 54 93 94 96 
string 98: 43 44 50 51 57 58 95 
string 99: 45 46 52 53 96 97 
string 100: 45 46 47 52 53 54 96 97 99 
string 101: 46 47 48 53 54 55 97 100 
string 102: 47 48 49 54 55 56 101 
string 103: 48 49 50 55 56 57 102 
string 104: 49 50 51 56 57 58 98 103 
string 105: 50 51 57 58 98 104 
string 106: 59 60 66 67 
string 107: 59 60 61 66 67 68 106 
string 108: 60 61 62 67 68 69 107 
string 109: 61 62 63 68 69 70 108 
string 110: 62 63 64 69 70 71 109 
string 111: 63 64 65 70 71 72 110 
string 112: 64 65 71 72 111 
string 113: 59 60 66 67 73 74 106 107 
string 114: 59 60 61 66 67 68 73 74 75 106 107 108 113 
string 115: 60 61 62 67 68 69 74 75 76 107 108 109 114 
string 116: 18 61 62 63 68 69 70 75 76 108 109 110 115 
string 117: 18 19 62 63 64 69 70 71 76 109 110 111 116 
string 118: 18 19 63 64 65 70 71 72 77 110 111 112 117 
string 119: 19 64 65 71 72 77 111 112 118 
string 120: 66 67 73 74 80 81 113 114 
string 121: 66 67 68 73 74 75 80 81 82 113 114 115 120 
string 122: 67 68 69 74 75 76 78 79 81 82 83 84 85 86 114 115 116 121 
string 123: 18 33 68 69 70 75 76 78 79 82 83 84 85 86 87 88 89 115 116 117 122 
string 124: 10 11 12 17 18 19 21 22 29 30 31 32 33 34 69 70 71 76 78 79 86 87 88 89 116 117 118 123 
string 125: 11 12 13 18 19 20 33 34 35 70 71 72 77 90 117 118 119 124 
string 126: 19 34 71 72 77 90 118 119 125 
string 127: 18 75 76 78 79 83 84 85 86 87 88 89 122 123 124 
string 128: 18 75 76 78 79 83 84 85 86 87 88 89 122 123 124 127 
string 129: 73 74 80 81 93 94 120 121 
string 130: 40 73 74 75 80 81 82 93 94 120 121 122 129 
string 131: 40 41 74 75 76 81 82 83 94 121 122 123 130 
string 132: 40 41 75 76 78 79 82 83 84 85 86 91 92 122 123 127 128 131 
string 133: 40 41 75 76 78 79 83 84 85 86 91 92 122 123 127 128 132 
string 134: 40 41 75 76 78 79 83 84 85 86 91 92 122 123 127 128 132 133 
string 135: 18 40 41 42 75 76 78 79 83 84 85 86 87 88 89 91 92 122 123 124 127 128 132 133 134 
string 136: 18 41 42 76 78 79 86 87 88 89 91 92 123 124 127 128 135 
string 137: 18 41 42 76 78 79 86 87 88 89 91 92 123 124 127 128 135 136 
string 138: 18 33 41 42 76 78 79 86 87 88 89 91 92 123 124 127 128 135 136 137 
string 139: 17 18 19 32 33 34 41 42 43 76 89 123 124 125 138 
string 140: 18 19 20 33 34 35 42 43 44 77 90 95 124 125 126 139 
string 141: 19 34 43 77 90 95 125 126 140 
string 142: 40 41 42 83 84 85 86 87 88 89 91 92 132 133 134 135 136 137 138 
string 143: 40 41 42 83 84 85 86 87 88 89 91 92 132 133 134 135 136 137 138 142 
string 144: 80 81 93 94 96 97 129 130 
string 145: 40 47 80 81 82 93 94 96 97 129 130 131 144 
string 146: 24 25 26 27 28 29 36 37 39 40 41 46 47 48 81 82 83 84 85 86 91 92 94 97 130 131 132 133 134 135 142 143 145 
string 147: 25 26 27 28 29 30 31 32 33 36 37 40 41 42 47 48 49 82 83 84 85 86 87 88 89 91 92 131 132 133 134 135 136 137 138 139 142 143 146 
string 148: 29 30 31 32 33 34 36 37 41 42 43 48 49 50 86 87 88 89 91 92 135 136 137 138 139 140 142 143 147 
string 149: 33 34 35 42 43 44 49 50 51 90 95 98 139 140 141 148 
string 150: 34 43 50 90 95 98 140 141 149 
string 151: 93 94 96 97 99 100 144 145 
string 152: 40 47 93 94 96 97 99 100 101 144 145 146 151 
string 153: 39 40 41 46 47 48 53 54 55 94 97 100 101 102 145 146 147 152 
string 154: 40 41 42 47 48 49 54 55 56 101 102 103 146 147 148 153 
string 155: 41 42 43 48 49 50 55 56 57 102 103 104 147 148 149 154 
string 156: 42 43 44 49 50 51 56 57 58 95 98 103 104 105 148 149 150 155 
string 157: 43 50 95 98 104 105 149 150 156 
string 158: 96 97 99 100 151 152 
string 159: 47 96 97 99 100 101 151 152 153 158 
string 160: 47 48 97 100 101 102 152 153 154 159 
string 161: 47 48 49 101 102 103 153 154 155 160 
string 162: 48 49 50 102 103 104 154 155 156 161 
string 163: 49 50 98 103 104 105 155 156 157 162 
string 164: 50 98 104 105 156 157 163 
string 165: 122 123 124 127 128 132 133 134 135 136 137 138 
string 166: 122 123 124 127 128 132 133 134 135 136 137 138 165 
string 167: 122 123 127 128 131 132 133 134 135 142 143 146 147 165 166 
string 168: 122 123 127 128 132 133 134 135 142 143 146 147 165 166 167 
string 169: 122 123 127 128 132 133 134 135 142 143 146 147 165 166 167 168 
string 170: 122 123 124 127 128 132 133 134 135 136 137 138 142 143 146 147 148 165 166 167 168 169 
string 171: 123 124 127 128 135 136 137 138 142 143 147 148 165 166 170 
string 172: 123 124 127 128 135 136 137 138 142 143 147 148 165 166 170 171 
string 173: 123 124 127 128 135 136 137 138 139 142 143 147 148 165 166 170 171 172 
string 174: 132 133 134 135 136 137 138 142 143 146 147 148 167 168 169 170 171 172 173 
string 175: 132 133 134 135 136 137 138 142 143 146 147 148 167 168 169 170 171 172 173 174 
string 176: 108 109 110 115 116 117 
string 177: 108 109 110 115 116 117 122 123 124 176 
string 178: 115 116 117 122 123 124 127 132 138 165 167 173 177 
string 179: 122 123 124 165 167 173 178 
string 180: 122 123 124 165 166 167 168 169 170 171 172 173 178 179 
string 181: 122 123 124 165 166 167 168 169 170 171 172 173 180 
string 182: 120 121 129 130 144 145 
string 183: 120 121 122 129 130 131 144 145 146 182 
string 184: 121 122 123 130 131 132 145 146 147 167 183 
string 185: 122 123 131 146 147 165 166 167 168 169 170 174 175 178 179 180 181 184 
string 186: 122 123 146 147 165 166 167 168 169 170 174 175 180 181 185 
string 187: 122 123 146 147 165 166 167 168 169 170 174 175 180 181 185 186 
string 188: 122 123 124 146 147 148 165 166 167 168 169 170 171 172 173 174 175 180 181 185 186 187 
string 189: 123 124 147 148 165 166 170 171 172 173 174 175 180 181 188 
string 190: 123 124 147 148 165 166 170 171 172 173 174 175 180 181 188 189 
string 191: 123 124 139 147 148 165 166 170 171 172 173 174 175 178 179 180 181 188 189 190 
string 192: 123 124 125 138 139 140 147 148 149 173 191 
string 193: 124 125 126 139 140 141 148 149 150 192 
string 194: 125 126 140 141 149 150 193 
string 195: 146 147 148 167 168 169 170 171 172 173 174 175 185 186 187 188 189 190 191 
string 196: 146 147 148 167 168 169 170 171 172 173 174 175 185 186 187 188 189 190 191 195 
string 197: 146 147 148 167 173 175 185 191 196 
string 198: 132 138 143 146 147 148 153 154 155 167 173 175 185 191 196 197 
string 199: 146 147 148 153 154 155 160 161 162 198 
string 200: 153 154 155 160 161 162 199 
string 201: 108 109 110 115 116 117 176 177 
string 202: 108 109 110 115 116 117 122 123 124 176 177 178 201 
string 203: 115 116 117 122 123 124 167 173 177 178 179 202 
string 204: 122 123 124 167 173 178 179 180 185 191 203 
string 205: 122 123 124 167 173 179 180 181 185 186 190 191 204 
string 206: 122 123 124 167 173 180 181 185 186 187 188 189 190 191 205 
string 207: 120 121 129 130 144 145 182 183 
string 208: 120 121 122 129 130 131 144 145 146 182 183 184 207 
string 209: 121 122 123 130 131 145 146 147 167 183 184 185 208 
string 210: 122 123 131 146 147 167 180 184 185 186 196 209 
string 211: 122 123 146 147 167 180 181 185 186 187 188 195 196 205 206 210 
string 212: 122 123 146 147 167 180 181 185 186 187 188 195 196 206 211 
string 213: 122 123 124 146 147 148 167 173 180 181 185 186 187 188 189 190 191 195 196 206 211 212 
string 214: 123 124 147 148 173 180 181 188 189 190 191 195 196 206 213 
string 215: 123 124 147 148 173 180 181 188 189 190 191 195 196 205 206 213 214 
string 216: 123 124 139 147 148 173 180 190 191 192 196 215 
string 217: 123 124 125 139 140 147 148 149 173 191 192 193 216 
string 218: 124 125 126 139 140 141 148 149 150 192 193 194 217 
string 219: 125 126 140 141 149 150 193 194 218 
string 220: 146 147 148 167 173 185 186 187 188 189 190 191 195 196 211 212 213 214 215 
string 221: 146 147 148 167 173 185 186 190 191 195 196 197 211 215 220 
string 222: 146 147 148 167 173 185 191 196 197 198 221 
string 223: 146 147 148 153 154 155 167 173 197 198 199 222 
string 224: 146 147 148 153 154 155 160 161 162 198 199 200 223 
string 225: 153 154 155 160 161 162 199 200 224 
string 226: 106 107 113 114 
string 227: 106 107 108 113 114 115 226 
string 228: 107 108 109 114 115 116 227 
string 229: 108 109 115 116 176 177 201 202 228 
string 230: 108 109 115 116 176 177 201 202 229 
string 231: 108 109 115 116 176 177 201 202 229 230 
string 232: 108 109 110 115 116 117 176 177 201 202 229 230 231 
string 233: 109 110 116 117 176 177 201 202 232 
string 234: 109 110 116 117 176 177 201 202 232 233 
string 235: 109 110 116 117 176 177 201 202 232 233 234 
string 236: 109 110 111 116 117 118 235 
string 237: 110 111 112 117 118 119 236 
string 238: 111 112 118 119 237 
string 239: 106 107 113 114 120 121 226 227 
string 240: 106 107 108 113 114 115 120 121 122 226 227 228 239 
string 241: 107 108 109 114 115 116 121 122 123 227 228 229 240 
string 242: 108 109 115 116 122 123 176 177 178 201 202 203 228 229 230 231 232 241 
string 243: 108 109 115 116 122 123 176 177 178 201 202 203 229 230 231 232 242 
string 244: 108 109 115 116 122 123 176 177 178 201 202 203 229 230 231 232 242 243 
string 245: 108 109 110 115 116 117 122 123 124 176 177 178 201 202 203 229 230 231 232 233 234 235 242 243 244 
string 246: 109 110 116 117 123 124 176 177 178 201 202 203 232 233 234 235 245 
string 247: 109 110 116 117 123 124 176 177 178 201 202 203 232 233 234 235 245 246 
string 248: 109 110 116 117 123 124 176 177 178 201 202 203 232 233 234 235 236 245 246 247 
string 249: 109 110 111 116 117 118 123 124 125 235 236 237 248 
string 250: 110 111 112 117 118 119 124 125 126 236 237 238 249 
string 251: 111 112 118 119 125 126 237 238 250 
string 252: 113 114 120 121 129 130 239 240 
string 253: 113 114 115 120 121 122 129 130 131 239 240 241 252 
string 254: 114 115 116 121 122 123 130 131 132 167 240 241 242 253 
string 255: 115 116 122 123 127 128 131 132 133 134 135 165 166 167 168 169 170 177 178 179 180 181 184 185 186 187 188 202 203 204 205 206 209 210 211 212 213 241 242 243 244 245 254 
string 256: 115 116 122 123 167 177 178 179 202 203 204 242 243 244 245 255 
string 257: 115 116 122 123 167 177 178 179 202 203 204 242 243 244 245 255 256 
string 258: 115 116 117 122 123 124 167 173 177 178 179 202 203 204 242 243 244 245 246 247 248 255 256 257 
string 259: 116 117 123 124 173 177 178 179 202 203 204 245 246 247 248 258 
string 260: 116 117 123 124 173 177 178 179 202 203 204 245 246 247 248 258 259 
string 261: 116 117 123 124 127 128 135 136 137 138 139 165 166 170 171 172 173 177 178 179 180 181 188 189 190 191 192 202 203 204 205 206 213 214 215 216 217 245 246 247 248 249 258 259 260 
string 262: 116 117 118 123 124 125 138 139 140 173 248 249 250 261 
string 263: 117 118 119 124 125 126 139 140 141 249 250 251 262 
string 264: 118 119 125 126 140 141 250 251 263 
string 265: 120 121 129 130 182 183 207 208 252 253 
string 266: 120 121 122 129 130 131 182 183 184 207 208 209 252 253 254 265 
string 267: 121 122 123 130 131 132 167 183 184 185 208 209 210 253 254 255 266 
string 268: 122 123 131 165 166 167 168 169 170 178 179 180 181 184 185 186 187 188 203 204 205 206 209 210 211 212 213 254 255 256 257 258 267 
string 269: 122 123 167 178 179 180 185 203 204 205 255 256 257 258 268 
string 270: 122 123 167 178 179 180 185 203 204 205 255 256 257 258 268 269 
string 271: 122 123 124 167 173 178 179 180 185 191 203 204 205 255 256 257 258 259 260 261 268 269 270 
string 272: 123 124 173 178 179 180 191 203 204 205 258 259 260 261 271 
string 273: 123 124 173 178 179 180 191 203 204 205 258 259 260 261 271 272 
string 274: 123 124 139 165 166 170 171 172 173 178 179 180 181 188 189 190 191 192 203 204 205 206 213 214 215 216 217 258 259 260 261 262 271 272 273 
string 275: 123 124 125 138 139 140 173 191 192 193 216 217 218 261 262 263 274 
string 276: 124 125 126 139 140 141 192 193 194 217 218 219 262 263 264 275 
string 277: 125 126 140 141 193 194 218 219 263 264 276 
string 278: 120 121 129 130 182 183 207 208 265 266 
string 279: 120 121 122 129 130 131 182 183 184 207 208 209 265 266 267 278 
string 280: 121 122 123 130 131 167 183 184 185 208 209 210 255 266 267 268 279 
string 281: 122 123 131 167 179 180 184 185 186 209 210 211 255 267 268 269 280 
string 282: 122 123 167 179 180 181 185 186 187 188 204 205 206 210 211 212 213 255 268 269 270 271 281 
string 283: 122 123 167 179 180 185 204 205 206 211 255 268 269 270 271 282 
string 284: 122 123 124 167 173 179 180 185 191 204 205 206 211 215 255 261 268 269 270 271 272 273 274 282 283 
string 285: 123 124 173 179 180 191 204 205 206 215 261 271 272 273 274 284 
string 286: 123 124 173 179 180 181 188 189 190 191 204 205 206 213 214 215 216 261 271 272 273 274 284 285 
string 287: 123 124 139 173 179 180 190 191 192 215 216 217 261 273 274 275 286 
string 288: 123 124 125 139 140 173 191 192 193 216 217 218 261 274 275 276 287 
string 289: 124 125 126 139 140 141 192 193 194 217 218 219 275 276 277 288 
string 290: 125 126 140 141 193 194 218 219 276 277 289 
string 291: 120 121 129 130 182 183 207 208 265 266 278 279 
string 292: 120 121 122 129 130 131 182 183 184 207 208 209 265 266 267 278 279 280 291 
string 293: 121 122 123 130 131 167 183 184 185 208 209 210 255 266 267 268 279 280 281 292 
string 294: 122 123 131 167 180 184 185 209 210 211 255 267 268 280 281 282 293 
string 295: 122 123 167 180 185 205 206 210 211 212 255 268 281 282 283 294 
string 296: 122 123 167 180 185 205 206 211 212 213 255 268 282 283 284 295 
string 297: 122 123 124 167 173 180 185 191 205 206 211 212 213 214 215 255 261 268 274 282 283 284 285 286 296 
string 298: 123 124 173 180 191 205 206 213 214 215 261 274 284 285 286 297 
string 299: 123 124 173 180 191 205 206 214 215 216 261 274 285 286 287 298 
string 300: 123 124 139 173 180 191 192 215 216 217 261 274 275 286 287 288 299 
string 301: 123 124 125 139 140 173 191 192 193 216 217 218 261 274 275 276 287 288 289 300 
string 302: 124 125 126 139 140 141 192 193 194 217 218 219 275 276 277 288 289 290 301 
string 303: 125 126 140 141 193 194 218 219 276 277 289 290 302 
string 304: 120 121 129 130 144 145 182 183 207 208 265 266 278 279 291 292 
string 305: 120 121 122 129 130 131 144 145 146 182 183 184 207 208 209 265 266 267 278 279 280 291 292 293 304 
string 306: 121 122 123 130 131 145 146 147 167 183 184 185 208 209 210 255 266 267 268 279 280 281 292 293 294 305 
string 307: 122 123 131 146 147 167 180 184 185 196 209 210 211 255 267 268 280 281 282 293 294 295 306 
string 308: 122 123 146 147 167 180 185 196 206 210 211 212 220 255 268 281 282 294 295 296 307 
string 309: 122 123 146 147 167 180 185 196 206 211 212 213 220 255 268 282 295 296 297 308 
string 310: 122 123 124 146 147 148 167 173 180 185 191 196 206 211 212 213 214 215 220 255 261 268 274 282 286 296 297 298 309 
string 311: 123 124 147 148 173 180 191 196 206 213 214 215 220 261 274 286 297 298 299 310 
string 312: 123 124 147 148 173 180 191 196 206 214 215 216 220 261 274 286 287 298 299 300 311 
string 313: 123 124 139 147 148 173 180 191 192 196 215 216 217 261 274 275 286 287 288 299 300 301 312 
string 314: 123 124 125 139 140 147 148 149 173 191 192 193 216 217 218 261 274 275 276 287 288 289 300 301 302 313 
string 315: 124 125 126 139 140 141 148 149 150 192 193 194 217 218 219 275 276 277 288 289 290 301 302 303 314 
string 316: 125 126 140 141 149 150 193 194 218 219 276 277 289 290 302 303 315 
string 317: 129 130 144 145 182 183 207 208 304 305 
string 318: 129 130 131 144 145 146 182 183 184 207 208 209 304 305 306 317 
string 319: 130 131 145 146 147 167 183 184 185 208 209 210 305 306 307 318 
string 320: 131 146 147 167 184 185 196 209 210 211 306 307 308 319 
string 321: 146 147 167 185 196 210 211 212 220 221 307 308 309 320 
string 322: 146 147 167 185 196 211 212 213 220 221 308 309 310 321 
string 323: 146 147 148 167 173 185 191 196 211 212 213 214 215 220 221 309 310 311 322 
string 324: 147 148 173 191 196 213 214 215 220 221 310 311 312 323 
string 325: 147 148 173 191 196 214 215 216 220 221 311 312 313 324 
string 326: 139 147 148 173 191 192 196 215 216 217 312 313 314 325 
string 327: 139 140 147 148 149 173 191 192 193 216 217 218 313 314 315 326 
string 328: 139 140 141 148 149 150 192 193 194 217 218 219 314 315 316 327 
string 329: 140 141 149 150 193 194 218 219 315 316 328 
string 330: 129 130 144 145 182 183 207 208 304 305 317 318 
string 331: 129 130 131 144 145 146 182 183 184 207 208 209 304 305 306 317 318 319 330 
string 332: 130 131 145 146 147 167 183 184 185 208 209 210 305 306 307 318 319 320 331 
string 333: 131 146 147 167 184 185 186 196 197 209 210 211 306 307 308 319 320 321 332 
string 334: 146 147 167 185 186 187 188 195 196 197 210 211 212 213 220 221 222 307 308 309 310 320 321 322 323 333 
string 335: 146 147 167 185 196 197 211 220 221 222 321 322 323 334 
string 336: 146 147 148 167 173 185 191 196 197 211 215 220 221 222 322 323 324 334 335 
string 337: 147 148 173 191 196 197 215 220 221 222 323 324 325 336 
string 338: 147 148 173 188 189 190 191 195 196 197 213 214 215 216 220 221 222 310 311 312 313 323 324 325 326 336 337 
string 339: 139 147 148 173 190 191 192 196 197 215 216 217 312 313 314 325 326 327 338 
string 340: 139 140 147 148 149 173 191 192 193 216 217 218 313 314 315 326 327 328 339 
string 341: 139 140 141 148 149 150 192 193 194 217 218 219 314 315 316 327 328 329 340 
string 342: 140 141 149 150 193 194 218 219 315 316 328 329 341 
string 343: 129 130 144 145 182 183 207 208 304 305 317 318 330 331 
string 344: 129 130 131 144 145 146 182 183 184 207 208 209 304 305 306 317 318 319 330 331 332 343 
string 345: 130 131 132 145 146 147 167 183 184 185 208 209 210 305 306 307 318 319 320 331 332 333 344 
string 346: 131 146 147 167 168 169 170 174 175 184 185 186 187 188 195 196 197 198 209 210 211 212 213 220 221 222 223 306 307 308 309 310 319 320 321 322 323 332 333 334 335 336 345 
string 347: 146 147 167 185 196 197 198 221 222 223 333 334 335 336 346 
string 348: 146 147 167 185 196 197 198 221 222 223 334 335 336 346 347 
string 349: 146 147 148 167 173 185 191 196 197 198 221 222 223 334 335 336 337 338 346 347 348 
string 350: 147 148 173 191 196 197 198 221 222 223 336 337 338 349 
string 351: 147 148 173 191 196 197 198 221 222 223 336 337 338 339 349 350 
string 352: 139 147 148 170 171 172 173 174 175 188 189 190 191 192 195 196 197 198 213 214 215 216 217 220 221 222 223 310 311 312 313 314 323 324 325 326 327 336 337 338 339 340 349 350 351 
string 353: 138 139 140 147 148 149 173 191 192 193 216 217 218 313 314 315 326 327 328 339 340 341 352 
string 354: 139 140 141 148 149 150 192 193 194 217 218 219 314 315 316 327 328 329 340 341 342 353 
string 355: 140 141 149 150 193 194 218 219 315 316 328 329 341 342 354 
string 356: 129 130 144 145 151 152 343 344 
string 357: 129 130 131 144 145 146 151 152 153 343 344 345 356 
string 358: 130 131 132 145 146 147 152 153 154 167 344 345 346 357 
string 359: 131 132 133 134 135 142 143 146 147 153 154 167 168 169 170 174 175 184 185 186 187 188 195 196 197 198 199 209 210 211 212 213 220 221 222 223 224 306 307 308 309 310 319 320 321 322 323 332 333 334 335 336 345 346 347 348 349 358 
string 360: 146 147 153 154 167 197 198 199 222 223 224 346 347 348 349 359 
string 361: 146 147 153 154 167 197 198 199 222 223 224 346 347 348 349 359 360 
string 362: 146 147 148 153 154 155 167 173 197 198 199 222 223 224 346 347 348 349 350 351 352 359 360 361 
string 363: 147 148 154 155 173 197 198 199 222 223 224 349 350 351 352 362 
string 364: 147 148 154 155 173 197 198 199 222 223 224 349 350 351 352 362 363 
string 365: 135 136 137 138 139 142 143 147 148 154 155 170 171 172 173 174 175 188 189 190 191 192 195 196 197 198 199 213 214 215 216 217 220 221 222 223 224 310 311 312 313 314 323 324 325 326 327 336 337 338 339 340 349 350 351 352 353 362 363 364 
string 366: 138 139 140 147 148 149 154 155 156 173 352 353 354 365 
string 367: 139 140 141 148 149 150 155 156 157 353 354 355 366 
string 368: 140 141 149 150 156 157 354 355 367 
string 369: 144 145 151 152 158 159 356 357 
string 370: 144 145 146 151 152 153 158 159 160 356 357 358 369 
string 371: 145 146 147 152 153 154 159 160 161 357 358 359 370 
string 372: 146 147 153 154 160 161 198 199 200 223 224 225 358 359 360 361 362 371 
string 373: 146 147 153 154 160 161 198 199 200 223 224 225 359 360 361 362 372 
string 374: 146 147 153 154 160 161 198 199 200 223 224 225 359 360 361 362 372 373 
string 375: 146 147 148 153 154 155 160 161 162 198 199 200 223 224 225 359 360 361 362 363 364 365 372 373 374 
string 376: 147 148 154 155 161 162 198 199 200 223 224 225 362 363 364 365 375 
string 377: 147 148 154 155 161 162 198 199 200 223 224 225 362 363 364 365 375 376 
string 378: 147 148 154 155 161 162 198 199 200 223 224 225 362 363 364 365 366 375 376 377 
string 379: 147 148 149 154 155 156 161 162 163 365 366 367 378 
string 380: 148 149 150 155 156 157 162 163 164 366 367 368 379 
string 381: 149 150 156 157 163 164 367 368 380 
string 382: 151 152 158 159 369 370 
string 383: 151 152 153 158 159 160 369 370 371 382 
string 384: 152 153 154 159 160 161 370 371 372 383 
string 385: 153 154 160 161 199 200 224 225 371 372 373 374 375 384 
string 386: 153 154 160 161 199 200 224 225 372 373 374 375 385 
string 387: 153 154 160 161 199 200 224 225 372 373 374 375 385 386 
string 388: 153 154 155 160 161 162 199 200 224 225 372 373 374 375 376 377 378 385 386 387 
string 389: 154 155 161 162 199 200 224 225 375 376 377 378 388 
string 390: 154 155 161 162 199 200 224 225 375 376 377 378 388 389 
string 391: 154 155 161 162 199 200 224 225 375 376 377 378 379 388 389 390 
string 392: 154 155 156 161 162 163 378 379 380 391 
string 393: 155 156 157 162 163 164 379 380 381 392 
string 394: 156 157 163 164 380 381 393 
string 395: 229 230 231 232 233 234 235 242 243 244 245 246 247 248 
string 396: 229 230 231 232 233 234 235 242 243 244 245 246 247 248 255 256 257 258 259 260 261 395 
string 397: 242 243 244 245 246 247 248 255 256 257 258 259 260 261 268 269 270 271 272 273 274 396 
string 398: 255 256 257 258 259 260 261 268 269 270 271 272 273 274 282 283 284 285 286 397 
string 399: 255 261 268 269 270 271 272 273 274 282 283 284 285 286 295 296 297 298 299 398 
string 400: 255 261 268 274 282 283 284 285 286 295 296 297 298 299 308 309 310 311 312 399 
string 401: 265 266 278 279 291 292 304 305 317 318 330 331 343 344 
string 402: 265 266 267 278 279 280 291 292 293 304 305 306 317 318 319 330 331 332 343 344 345 401 
string 403: 255 266 267 268 279 280 281 292 293 294 305 306 307 318 319 320 331 332 333 344 345 346 359 402 
string 404: 255 267 268 280 281 282 293 294 295 306 307 308 319 320 321 332 333 334 345 346 359 403 
string 405: 255 268 281 282 283 284 294 295 296 297 307 308 309 310 320 321 322 323 333 334 335 336 346 359 399 400 404 
string 406: 255 268 282 295 296 297 308 309 310 321 322 323 334 346 359 400 405 
string 407: 255 261 268 274 282 286 296 297 298 309 310 311 322 323 324 334 338 346 352 359 365 400 405 406 
string 408: 261 274 286 297 298 299 310 311 312 323 324 325 338 352 365 400 407 
string 409: 261 274 284 285 286 287 297 298 299 300 310 311 312 313 323 324 325 326 336 337 338 339 352 365 399 400 407 408 
string 410: 261 274 275 286 287 288 299 300 301 312 313 314 325 326 327 338 339 340 352 353 365 409 
string 411: 261 274 275 276 287 288 289 300 301 302 313 314 315 326 327 328 339 340 341 352 353 354 365 410 
string 412: 275 276 277 288 289 290 301 302 303 314 315 316 327 328 329 340 341 342 353 354 355 411 
string 413: 276 277 289 290 302 303 315 316 328 329 341 342 354 355 412 
string 414: 308 309 310 311 312 321 322 323 324 325 334 335 336 337 338 346 352 359 365 405 406 407 408 409 
string 415: 321 322 323 324 325 334 335 336 337 338 346 347 348 349 350 351 352 359 365 405 409 414 
string 416: 334 335 336 337 338 346 347 348 349 350 351 352 359 360 361 362 363 364 365 415 
string 417: 346 347 348 349 350 351 352 359 360 361 362 363 364 365 372 373 374 375 376 377 378 416 
string 418: 359 360 361 362 363 364 365 372 373 374 375 376 377 378 385 386 387 388 389 390 391 417 
string 419: 372 373 374 375 376 377 378 385 386 387 388 389 390 391 418 
string 420: 229 230 231 232 233 234 235 242 243 244 245 246 247 248 395 396 
string 421: 229 230 231 232 233 234 235 242 243 244 245 246 247 248 255 256 257 258 259 260 261 395 396 397 420 
string 422: 242 243 244 245 246 247 248 255 256 257 258 259 260 261 268 269 270 271 272 273 274 396 397 398 421 
string 423: 255 256 257 258 259 260 261 268 269 270 271 272 273 274 281 282 283 284 285 286 287 397 398 399 422 
string 424: 255 261 268 269 270 271 272 273 274 281 282 283 284 285 286 287 294 295 296 297 298 299 300 307 308 309 310 311 312 313 398 399 400 404 405 406 407 408 409 410 422 423 
string 425: 255 261 268 274 282 286 399 400 405 406 407 408 409 424 
string 426: 265 266 278 279 291 292 304 305 317 318 330 331 343 344 401 402 
string 427: 265 266 267 278 279 280 291 292 293 304 305 306 317 318 319 330 331 332 343 344 345 401 402 403 426 
string 428: 255 266 267 268 279 280 281 292 293 294 305 306 307 318 319 320 331 332 333 344 345 346 359 402 403 404 427 
string 429: 255 267 268 269 270 271 280 281 282 283 284 293 294 295 296 297 306 307 308 309 310 319 320 321 322 323 332 333 334 335 336 345 346 347 348 349 359 398 399 400 403 404 405 406 407 414 415 416 422 423 424 425 428 
string 430: 255 268 281 282 333 334 346 359 399 400 404 405 406 407 414 415 424 425 429 
string 431: 255 268 282 334 346 359 400 405 406 407 414 424 425 429 430 
string 432: 255 261 268 274 282 286 334 338 346 352 359 365 400 405 406 407 408 409 414 424 425 429 430 431 
string 433: 261 274 286 338 352 365 400 407 408 409 414 424 425 432 
string 434: 261 274 286 287 338 339 352 365 399 400 407 408 409 410 414 415 424 425 432 433 
string 435: 261 271 272 273 274 275 284 285 286 287 288 297 298 299 300 301 310 311 312 313 314 323 324 325 326 327 336 337 338 339 340 349 350 351 352 353 365 398 399 400 407 408 409 410 411 414 415 416 422 423 424 425 432 433 434 
string 436: 261 274 275 276 287 288 289 300 301 302 313 314 315 326 327 328 339 340 341 352 353 354 365 410 411 412 435 
string 437: 275 276 277 288 289 290 301 302 303 314 315 316 327 328 329 340 341 342 353 354 355 411 412 413 436 
string 438: 276 277 289 290 302 303 315 316 328 329 341 342 354 355 412 413 437 
string 439: 334 338 346 352 359 365 405 406 407 408 409 414 415 429 430 431 432 433 434 435 
string 440: 307 308 309 310 311 312 313 320 321 322 323 324 325 326 333 334 335 336 337 338 339 346 347 348 349 350 351 352 359 365 404 405 406 407 408 409 410 414 415 416 429 430 431 432 433 434 435 439 
string 441: 333 334 335 336 337 338 339 346 347 348 349 350 351 352 359 360 361 362 363 364 365 415 416 417 429 435 440 
string 442: 346 347 348 349 350 351 352 359 360 361 362 363 364 365 372 373 374 375 376 377 378 416 417 418 429 435 440 441 
string 443: 359 360 361 362 363 364 365 372 373 374 375 376 377 378 385 386 387 388 389 390 391 417 418 419 442 
string 444: 372 373 374 375 376 377 378 385 386 387 388 389 390 391 418 419 443 
string 445: 255 261 268 274 422 423 424 425 429 430 431 432 433 434 435 
string 446: 255 261 268 274 424 425 429 430 431 432 433 434 435 445 
string 447: 254 255 256 257 258 267 268 269 270 271 280 281 282 283 284 293 294 295 296 297 306 307 308 309 310 319 320 321 322 323 332 333 334 335 336 345 346 347 348 349 358 359 360 361 362 397 398 399 400 403 404 405 406 407 414 415 416 417 422 423 424 425 428 429 430 431 432 439 440 441 442 445 446 
string 448: 255 268 346 359 424 425 429 430 431 432 439 440 445 446 447 
string 449: 255 268 346 359 424 425 429 430 431 432 439 440 445 446 447 448 
string 450: 255 261 268 274 346 352 359 365 424 425 429 430 431 432 433 434 435 439 440 445 446 447 448 449 
string 451: 261 274 352 365 424 425 432 433 434 435 439 440 445 446 450 
string 452: 261 274 352 365 424 425 432 433 434 435 439 440 445 446 450 451 
string 453: 258 259 260 261 262 271 272 273 274 275 284 285 286 287 288 297 298 299 300 301 310 311 312 313 314 323 324 325 326 327 336 337 338 339 340 349 350 351 352 353 362 363 364 365 366 397 398 399 400 407 408 409 410 411 414 415 416 417 422 423 424 425 432 433 434 435 436 439 440 441 442 445 446 450 451 452 
string 454: 346 352 359 365 429 430 431 432 433 434 435 439 440 447 448 449 450 451 452 453 
string 455: 346 352 359 365 429 430 431 432 433 434 435 439 440 441 442 447 448 449 450 451 452 453 454 
string 456: 226 227 239 240 
string 457: 226 227 228 239 240 241 456 
string 458: 227 228 229 230 231 232 240 241 242 243 244 245 253 254 255 256 257 258 395 396 397 420 421 422 457 
string 459: 228 229 230 231 232 233 234 235 236 241 242 243 244 245 246 247 248 249 254 255 256 257 258 259 260 261 262 395 396 397 420 421 422 458 
string 460: 232 233 234 235 236 237 245 246 247 248 249 250 258 259 260 261 262 263 395 396 397 420 421 422 459 
string 461: 236 237 238 249 250 251 262 263 264 460 
string 462: 237 238 250 251 461 
string 463: 226 227 239 240 252 253 456 457 
string 464: 226 227 228 239 240 241 252 253 254 456 457 458 463 
string 465: 237 238 250 251 263 264 461 462 
string 466: 239 240 252 253 265 266 278 279 291 292 304 305 401 402 426 427 463 464 
string 467: 239 240 241 252 253 254 265 266 267 278 279 280 291 292 293 304 305 306 401 402 403 426 427 428 458 463 464 466 
string 468: 227 228 229 230 231 232 240 241 242 243 244 245 253 254 255 256 257 258 266 267 268 269 270 271 279 280 281 282 283 284 292 293 294 295 296 297 305 306 307 308 309 310 395 396 397 398 399 400 402 403 404 405 406 407 420 421 422 423 424 425 427 428 429 430 431 432 445 446 447 448 449 450 457 458 459 464 467 
string 469: 228 229 230 231 232 233 234 235 236 241 242 243 244 245 246 247 248 249 254 255 256 257 258 259 260 261 262 267 268 269 270 271 272 273 274 275 280 281 282 283 284 285 286 287 288 293 294 295 296 297 298 299 300 301 306 307 308 309 310 311 312 313 314 395 396 397 398 399 400 403 404 405 406 407 408 409 410 411 420 421 422 423 424 425 428 429 430 431 432 433 434 435 436 445 446 447 448 449 450 451 452 453 458 459 460 468 
string 470: 232 233 234 235 236 237 245 246 247 248 249 250 258 259 260 261 262 263 271 272 273 274 275 276 284 285 286 287 288 289 297 298 299 300 301 302 310 311 312 313 314 315 395 396 397 398 399 400 407 408 409 410 411 412 420 421 422 423 424 425 432 433 434 435 436 437 445 446 450 451 452 453 459 460 461 469 
string 471: 236 237 238 249 250 251 262 263 264 275 276 277 288 289 290 301 302 303 314 315 316 411 412 413 436 437 438 460 461 462 465 470 
string 472: 250 251 263 264 276 277 289 290 302 303 315 316 412 413 437 438 461 465 471 
string 473: 255 261 422 445 446 447 448 449 450 451 452 453 468 469 470 
string 474: 255 261 445 446 447 448 449 450 451 452 453 468 469 470 473 
string 475: 252 253 265 266 278 279 291 292 304 305 317 318 330 331 343 344 356 357 401 402 426 427 466 467 
string 476: 252 253 254 265 266 267 278 279 280 291 292 293 304 305 306 317 318 319 330 331 332 343 344 345 356 357 358 401 402 403 426 427 428 466 467 468 475 
string 477: 253 254 255 266 267 268 279 280 281 292 293 294 305 306 307 318 319 320 331 332 333 344 345 346 357 358 359 402 403 404 427 428 429 447 467 468 469 476 
string 478: 254 255 267 345 358 359 422 428 442 445 446 447 448 449 450 454 455 468 469 473 474 477 
string 479: 255 359 445 446 447 448 449 450 454 455 468 469 473 474 478 
string 480: 255 359 445 446 447 448 449 450 454 455 468 469 473 474 478 479 
string 481: 255 261 359 365 445 446 447 448 449 450 451 452 453 454 455 468 469 470 473 474 478 479 480 
string 482: 261 365 445 446 450 451 452 453 454 455 469 470 473 474 481 
string 483: 261 365 445 446 450 451 452 453 454 455 469 470 473 474 481 482 
string 484: 261 262 275 353 365 366 422 436 442 445 446 450 451 452 453 454 455 469 470 473 474 481 482 483 
string 485: 261 262 263 274 275 276 287 288 289 300 301 302 313 314 315 326 327 328 339 340 341 352 353 354 365 366 367 410 411 412 435 436 437 453 469 470 471 484 
string 486: 262 263 264 275 276 277 288 289 290 301 302 303 314 315 316 327 328 329 340 341 342 353 354 355 366 367 368 411 412 413 436 437 438 470 471 472 485 
string 487: 263 264 276 277 289 290 302 303 315 316 328 329 341 342 354 355 367 368 412 413 437 438 471 472 486 
string 488: 359 365 447 448 449 450 451 452 453 454 455 478 479 480 481 482 483 484 
string 489: 359 365 442 447 448 449 450 451 452 453 454 455 478 479 480 481 482 483 484 488 
string 490: 304 305 306 317 318 319 330 331 332 343 344 345 356 357 358 369 370 371 401 402 403 426 427 428 475 476 477 
string 491: 304 305 306 307 308 309 310 317 318 319 320 321 322 323 330 331 332 333 334 335 336 343 344 345 346 347 348 349 356 357 358 359 360 361 362 369 370 371 372 373 374 375 401 402 403 404 405 406 407 414 415 416 417 418 426 427 428 429 430 431 432 439 440 441 442 443 447 448 449 450 454 455 475 476 477 478 479 480 481 488 489 490 
string 492: 306 307 308 309 310 311 312 313 314 319 320 321 322 323 324 325 326 327 332 333 334 335 336 337 338 339 340 345 346 347 348 349 350 351 352 353 358 359 360 361 362 363 364 365 366 371 372 373 374 375 376 377 378 379 403 404 405 406 407 408 409 410 411 414 415 416 417 418 428 429 430 431 432 433 434 435 436 439 440 441 442 443 447 448 449 450 451 452 453 454 455 477 478 479 480 481 482 483 484 485 488 489 491 
string 493: 310 311 312 313 314 315 323 324 325 326 327 328 336 337 338 339 340 341 349 350 351 352 353 354 362 363 364 365 366 367 375 376 377 378 379 380 407 408 409 410 411 412 414 415 416 417 418 432 433 434 435 436 437 439 440 441 442 443 450 451 452 453 454 455 481 482 483 484 485 486 488 489 492 
string 494: 314 315 316 327 328 329 340 341 342 353 354 355 366 367 368 379 380 381 411 412 413 436 437 438 485 486 487 493 
string 495: 315 316 328 329 341 342 354 355 367 368 380 381 412 413 437 438 486 487 494 
string 496: 356 357 358 369 370 371 382 383 384 490 491 
string 497: 356 357 358 359 360 361 362 369 370 371 372 373 374 375 382 383 384 385 386 387 388 417 418 419 442 443 444 490 491 492 496 
string 498: 358 359 360 361 362 363 364 365 366 371 372 373 374 375 376 377 378 379 384 385 386 387 388 389 390 391 392 417 418 419 442 443 444 491 492 493 497 
string 499: 362 363 364 365 366 367 375 376 377 378 379 380 388 389 390 391 392 393 417 418 419 442 443 444 492 493 494 498 
string 500: 366 367 368 379 380 381 392 393 394 493 494 495 499 
string 501: 367 368 380 381 393 394 494 495 500 
string 502: 369 370 382 383 496 497 
string 503: 369 370 371 382 383 384 496 497 502 
string 504: 370 371 372 373 374 375 383 384 385 386 387 388 418 419 443 444 496 497 498 503 
string 505: 371 372 373 374 375 376 377 378 379 384 385 386 387 388 389 390 391 392 418 419 443 444 497 498 499 504 
string 506: 375 376 377 378 379 380 388 389 390 391 392 393 418 419 443 444 498 499 500 505 
string 507: 379 380 381 392 393 394 499 500 501 506 
string 508: 380 381 393 394 500 501 507 
string 509: 456 457 463 464 
string 510: 456 457 458 463 464 468 509 
string 511: 457 458 459 464 467 468 469 510 
string 512: 458 459 460 468 469 470 511 
string 513: 459 460 461 469 470 471 512 
string 514: 460 461 462 465 470 471 472 513 
string 515: 461 462 465 471 514 
string 516: 456 457 463 464 466 467 509 510 
string 517: 456 457 458 463 464 466 467 468 509 510 511 516 
string 518: 461 462 465 471 472 514 515 
string 519: 463 464 466 467 475 476 516 517 
string 520: 458 463 464 466 467 468 475 476 477 511 516 517 519 
string 521: 457 458 459 464 467 468 469 473 474 476 477 478 479 480 481 510 511 512 517 520 
string 522: 458 459 460 468 469 470 473 474 477 478 479 480 481 482 483 484 485 511 512 513 521 
string 523: 459 460 461 469 470 471 473 474 481 482 483 484 485 486 512 513 514 522 
string 524: 460 461 462 465 470 471 472 485 486 487 513 514 515 518 523 
string 525: 461 465 471 472 486 487 514 518 524 
string 526: 468 469 470 473 474 478 479 480 481 482 483 484 521 522 523 
string 527: 468 469 470 473 474 478 479 480 481 482 483 484 521 522 523 526 
string 528: 466 467 475 476 490 491 519 520 
string 529: 466 467 468 475 476 477 490 491 519 520 521 528 
string 530: 467 468 469 476 477 478 490 491 492 520 521 522 529 
string 531: 468 469 473 474 477 478 479 480 481 488 489 491 492 521 522 526 527 530 
string 532: 468 469 473 474 478 479 480 481 488 489 491 492 521 522 526 527 531 
string 533: 468 469 473 474 478 479 480 481 488 489 491 492 521 522 526 527 531 532 
string 534: 468 469 470 473 474 478 479 480 481 482 483 484 488 489 491 492 493 521 522 523 526 527 531 532 533 
string 535: 469 470 473 474 481 482 483 484 488 489 492 493 522 523 526 527 534 
string 536: 469 470 473 474 481 482 483 484 488 489 492 493 522 523 526 527 534 535 
string 537: 469 470 473 474 481 482 483 484 485 488 489 492 493 522 523 526 527 534 535 536 
string 538: 469 470 471 484 485 486 492 493 494 522 523 524 537 
string 539: 470 471 472 485 486 487 493 494 495 523 524 525 538 
string 540: 471 472 486 487 494 495 524 525 539 
string 541: 478 479 480 481 482 483 484 488 489 491 492 493 531 532 533 534 535 536 537 
string 542: 478 479 480 481 482 483 484 488 489 491 492 493 531 532 533 534 535 536 537 541 
string 543: 475 476 477 490 491 496 497 528 529 530 
string 544: 475 476 477 478 479 480 481 488 489 490 491 492 496 497 498 528 529 530 531 532 533 534 541 542 543 
string 545: 477 478 479 480 481 482 483 484 485 488 489 491 492 493 497 498 499 530 531 532 533 534 535 536 537 538 541 542 544 
string 546: 481 482 483 484 485 486 488 489 492 493 494 498 499 500 534 535 536 537 538 539 541 542 545 
string 547: 485 486 487 493 494 495 499 500 501 538 539 540 546 
string 548: 486 487 494 495 500 501 539 540 547 
string 549: 490 491 496 497 502 503 504 543 544 
string 550: 490 491 492 496 497 498 502 503 504 505 543 544 545 549 
string 551: 491 492 493 497 498 499 504 505 506 544 545 546 550 
string 552: 492 493 494 498 499 500 505 506 507 545 546 547 551 
string 553: 493 494 495 499 500 501 506 507 508 546 547 548 552 
string 554: 494 495 500 501 507 508 547 548 553 
string 555: 496 497 502 503 549 550 
string 556: 496 497 502 503 504 549 550 555 
string 557: 496 497 498 503 504 505 549 550 551 556 
string 558: 497 498 499 504 505 506 550 551 552 557 
string 559: 498 499 500 505 506 507 551 552 553 558 
string 560: 499 500 501 506 507 508 552 553 554 559 
string 561: 500 501 507 508 553 554 560 
string 562: 509 510 516 517 
string 563: 509 510 511 516 517 521 562 
string 564: 510 511 512 517 521 522 563 
string 565: 511 512 513 521 522 523 564 
string 566: 512 513 514 522 523 524 565 
string 567: 513 514 515 518 523 524 566 
string 568: 514 515 518 524 567 
string 569: 509 510 516 517 519 520 562 563 
string 570: 509 510 511 516 517 519 520 521 562 563 564 569 
string 571: 510 511 512 517 520 521 522 563 564 565 570 
string 572: 511 512 513 521 522 523 564 565 566 571 
string 573: 512 513 514 522 523 524 565 566 567 572 
string 574: 513 514 515 518 523 524 525 566 567 568 573 
string 575: 514 515 518 524 525 567 568 574 
string 576: 516 517 519 520 528 529 569 570 
string 577: 511 516 517 519 520 521 528 529 530 569 570 571 576 
string 578: 511 512 517 520 521 522 526 527 529 530 531 532 533 534 570 571 572 577 
string 579: 511 512 513 521 522 523 526 527 530 531 532 533 534 535 536 537 538 571 572 573 578 
string 580: 512 513 514 522 523 524 526 527 534 535 536 537 538 539 572 573 574 579 
string 581: 513 514 518 523 524 525 538 539 540 573 574 575 580 
string 582: 514 518 524 525 539 540 574 575 581 
string 583: 521 522 523 526 527 531 532 533 534 535 536 537 578 579 580 
string 584: 521 522 523 526 527 531 532 533 534 535 536 537 578 579 580 583 
string 585: 519 520 528 529 543 544 576 577 
string 586: 519 520 521 528 529 530 543 544 576 577 578 585 
string 587: 520 521 522 529 530 531 543 544 545 577 578 579 586 
string 588: 521 522 526 527 530 531 532 533 534 541 542 544 545 578 579 583 584 587 
string 589: 521 522 526 527 531 532 533 534 541 542 544 545 578 579 583 584 588 
string 590: 521 522 526 527 531 532 533 534 541 542 544 545 578 579 583 584 588 589 
string 591: 521 522 523 526 527 531 532 533 534 535 536 537 541 542 544 545 546 578 579 580 583 584 588 589 590 
string 592: 522 523 526 527 534 535 536 537 541 542 545 546 579 580 583 584 591 
string 593: 522 523 526 527 534 535 536 537 541 542 545 546 579 580 583 584 591 592 
string 594: 522 523 526 527 534 535 536 537 538 541 542 545 546 579 580 583 584 591 592 593 
string 595: 522 523 524 537 538 539 545 546 547 579 580 581 594 
string 596: 523 524 525 538 539 540 546 547 548 580 581 582 595 
string 597: 524 525 539 540 547 548 581 582 596 
string 598: 531 532 533 534 535 536 537 541 542 544 545 546 588 589 590 591 592 593 594 
string 599: 531 532 533 534 535 536 537 541 542 544 545 546 588 589 590 591 592 593 594 598 
string 600: 528 529 543 544 549 550 585 586 
string 601: 528 529 530 543 544 549 550 585 586 587 600 
string 602: 529 530 531 532 533 534 541 542 543 544 545 549 550 551 586 587 588 589 590 591 598 599 601 
string 603: 530 531 532 533 534 535 536 537 538 541 542 544 545 546 550 551 552 587 588 589 590 591 592 593 594 595 598 599 602 
string 604: 534 535 536 537 538 539 541 542 545 546 547 551 552 553 591 592 593 594 595 596 598 599 603 
string 605: 538 539 540 546 547 548 552 553 554 595 596 597 604 
string 606: 539 540 547 548 553 554 596 597 605 
string 607: 543 544 549 550 555 556 600 601 
string 608: 543 544 549 550 555 556 557 600 601 602 607 
string 609: 543 544 545 549 550 551 556 557 558 601 602 603 608 
string 610: 544 545 546 550 551 552 557 558 559 602 603 604 609 
string 611: 545 546 547 551 552 553 558 559 560 603 604 605 610 
string 612: 546 547 548 552 553 554 559 560 561 604 605 606 611 
string 613: 547 548 553 554 560 561 605 606 612 
string 614: 549 550 555 556 607 608 
string 615: 549 550 555 556 557 607 608 609 614 
string 616: 549 550 551 556 557 558 608 609 610 615 
string 617: 550 551 552 557 558 559 609 610 611 616 
string 618: 551 552 553 558 559 560 610 611 612 617 
string 619: 552 553 554 559 560 561 611 612 613 618 
string 620: 553 554 560 561 612 613 619 
