0	0
35	0
70	0
105	0
140	0
175	0
210	0
1	0
36	0
71	0
106	0
141	0
176	0
211	0
2	0
37	0
72	0
107	0
142	0
177	0
212	0
3	0
38	0
73	0
108	0
143	0
178	0
213	0
4	0
39	0
74	0
109	0
144	0
179	0
214	0
5	0
40	0
75	0
110	0
145	0
180	0
215	0
6	0
41	0
76	0
111	0
146	0
181	0
216	0
7	0
42	0
77	0
112	0
147	0
182	0
217	0
8	0
43	0
78	0
113	0
148	0
183	0
218	0
9	0
44	0
79	0
114	0
149	0
184	0
219	0
10	0
45	0
80	0
115	0
150	0
185	0
220	0
11	0
46	0
81	0
116	0
151	0
186	0
221	0
12	0
47	0
82	0
117	0
152	0
187	0
222	0
13	0
48	0
83	0
118	0
153	0
188	0
223	0
14	0
49	0
84	0
119	0
154	0
189	0
224	0
15	0
50	0
85	0
120	0
155	0
190	0
225	0
16	0
51	0
86	0
121	0
156	0
191	0
226	0
17	0
52	0
87	0
122	0
157	0
192	0
227	0
18	0
53	0
88	0
123	0
158	0
193	0
228	0
19	0
54	0
89	0
124	0
159	0
194	0
229	0
20	0
55	0
90	0
125	0
160	0
195	0
230	0
21	0
56	0
91	0
126	0
161	0
196	0
231	0
22	0
57	0
92	0
127	0
162	0
197	0
232	0
23	0
58	0
93	0
128	0
163	0
198	0
233	0
24	0
59	0
94	0
129	0
164	0
199	0
234	0
25	0
60	0
95	0
130	0
165	0
200	0
235	0
26	0
61	0
96	0
131	0
166	0
201	0
236	0
27	0
62	0
97	0
132	0
167	0
202	0
237	0
28	0
63	0
98	0
133	0
168	0
203	0
238	0
29	0
64	0
99	0
134	0
169	0
204	0
239	0
30	0
65	0
100	0
135	0
170	0
205	0
240	0
31	0
66	0
101	0
136	0
171	0
206	0
241	0
32	0
67	0
102	0
137	0
172	0
207	0
242	0
33	0
68	0
103	0
138	0
173	0
208	0
243	0
34	0
69	0
104	0
139	0
174	0
209	0
244	0
0	0
245	0
490	0
735	0
980	0
1225	0
1470	0
35	0
280	0
525	0
770	0
1015	0
1260	0
1505	0
70	0
315	0
560	0
805	0
1050	0
1295	0
1540	0
105	0
350	0
595	0
840	0
1085	0
1330	0
1575	0
140	0
385	0
630	0
875	0
1120	0
1365	0
1610	0
175	0
420	0
665	0
910	0
1155	0
1400	0
1645	0
210	0
455	0
700	0
945	0
1190	0
1435	0
1680	0
34	0
279	0
524	0
769	0
1014	0
1259	0
1504	0
69	0
314	0
559	0
804	0
1049	0
1294	0
1539	0
104	0
349	0
594	0
839	0
1084	0
1329	0
1574	0
139	0
384	0
629	0
874	0
1119	0
1364	0
1609	0
174	0
419	0
664	0
909	0
1154	0
1399	0
1644	0
209	0
454	0
699	0
944	0
1189	0
1434	0
1679	0
244	0
489	0
734	0
979	0
1224	0
1469	0
1714	0
0	0
245	0
490	0
735	0
980	0
1225	0
1470	0
1	0
246	0
491	0
736	0
981	0
1226	0
1471	0
2	0
247	0
492	0
737	0
982	0
1227	0
1472	0
3	0
248	0
493	0
738	0
983	0
1228	0
1473	0
4	0
249	0
494	0
739	0
984	0
1229	0
1474	0
5	0
250	0
495	0
740	0
985	0
1230	0
1475	0
6	0
251	0
496	0
741	0
986	0
1231	0
1476	0
7	0
252	0
497	0
742	0
987	0
1232	0
1477	0
8	0
253	0
498	0
743	0
988	0
1233	0
1478	0
9	0
254	0
499	0
744	0
989	0
1234	0
1479	0
10	0
255	0
500	0
745	0
990	0
1235	0
1480	0
11	0
256	0
501	0
746	0
991	0
1236	0
1481	0
12	0
257	0
502	0
747	0
992	0
1237	0
1482	0
13	0
258	0
503	0
748	0
993	0
1238	0
1483	0
14	0
259	0
504	0
749	0
994	0
1239	0
1484	0
15	0
260	0
505	0
750	0
995	0
1240	0
1485	0
16	0
261	0
506	0
751	0
996	0
1241	0
1486	0
17	0
262	0
507	0
752	0
997	0
1242	0
1487	0
18	0
263	0
508	0
753	0
998	0
1243	0
1488	0
19	0
264	0
509	0
754	0
999	0
1244	0
1489	0
20	0
265	0
510	0
755	0
1000	0
1245	0
1490	0
21	0
266	0
511	0
756	0
1001	0
1246	0
1491	0
22	0
267	0
512	0
757	0
1002	0
1247	0
1492	0
23	0
268	0
513	0
758	0
1003	0
1248	0
1493	0
24	0
269	0
514	0
759	0
1004	0
1249	0
1494	0
25	0
270	0
515	0
760	0
1005	0
1250	0
1495	0
26	0
271	0
516	0
761	0
1006	0
1251	0
1496	0
27	0
272	0
517	0
762	0
1007	0
1252	0
1497	0
28	0
273	0
518	0
763	0
1008	0
1253	0
1498	0
29	0
274	0
519	0
764	0
1009	0
1254	0
1499	0
30	0
275	0
520	0
765	0
1010	0
1255	0
1500	0
31	0
276	0
521	0
766	0
1011	0
1256	0
1501	0
32	0
277	0
522	0
767	0
1012	0
1257	0
1502	0
33	0
278	0
523	0
768	0
1013	0
1258	0
1503	0
34	0
279	0
524	0
769	0
1014	0
1259	0
1504	0
210	0
455	0
700	0
945	0
1190	0
1435	0
1680	0
211	0
456	0
701	0
946	0
1191	0
1436	0
1681	0
212	0
457	0
702	0
947	0
1192	0
1437	0
1682	0
213	0
458	0
703	0
948	0
1193	0
1438	0
1683	0
214	0
459	0
704	0
949	0
1194	0
1439	0
1684	0
215	0
460	0
705	0
950	0
1195	0
1440	0
1685	0
216	0
461	0
706	0
951	0
1196	0
1441	0
1686	0
217	0
462	0
707	0
952	0
1197	0
1442	0
1687	0
218	0
463	0
708	0
953	0
1198	0
1443	0
1688	0
219	0
464	0
709	0
954	0
1199	0
1444	0
1689	0
220	0
465	0
710	0
955	0
1200	0
1445	0
1690	0
221	0
466	0
711	0
956	0
1201	0
1446	0
1691	0
222	0
467	0
712	0
957	0
1202	0
1447	0
1692	0
223	0
468	0
713	0
958	0
1203	0
1448	0
1693	0
224	0
469	0
714	0
959	0
1204	0
1449	0
1694	0
225	0
470	0
715	0
960	0
1205	0
1450	0
1695	0
226	0
471	0
716	0
961	0
1206	0
1451	0
1696	0
227	0
472	0
717	0
962	0
1207	0
1452	0
1697	0
228	0
473	0
718	0
963	0
1208	0
1453	0
1698	0
229	0
474	0
719	0
964	0
1209	0
1454	0
1699	0
230	0
475	0
720	0
965	0
1210	0
1455	0
1700	0
231	0
476	0
721	0
966	0
1211	0
1456	0
1701	0
232	0
477	0
722	0
967	0
1212	0
1457	0
1702	0
233	0
478	0
723	0
968	0
1213	0
1458	0
1703	0
234	0
479	0
724	0
969	0
1214	0
1459	0
1704	0
235	0
480	0
725	0
970	0
1215	0
1460	0
1705	0
236	0
481	0
726	0
971	0
1216	0
1461	0
1706	0
237	0
482	0
727	0
972	0
1217	0
1462	0
1707	0
238	0
483	0
728	0
973	0
1218	0
1463	0
1708	0
239	0
484	0
729	0
974	0
1219	0
1464	0
1709	0
240	0
485	0
730	0
975	0
1220	0
1465	0
1710	0
241	0
486	0
731	0
976	0
1221	0
1466	0
1711	0
242	0
487	0
732	0
977	0
1222	0
1467	0
1712	0
243	0
488	0
733	0
978	0
1223	0
1468	0
1713	0
244	0
489	0
734	0
979	0
1224	0
1469	0
1714	0
