       562       0.377598
       569       0.377598
       563       0.377598
       570       0.377598
       569       0.513228
       576       0.513228
       570       0.513228
       577       0.513228
       576       0.645399
       585       0.645399
       577       0.645399
       586       0.645399
       585       0.645399
       600       0.645399
       586       0.645399
       601       0.645399
       600       0.513228
       607       0.513228
       601       0.513228
       608       0.513228
       607       0.377598
       614       0.377598
       608       0.377598
       615       0.377598
       563       0.513228
       570       0.513228
       564       0.513228
       571       0.513228
       570       0.697576
       577       0.697576
       571       0.697576
       578       0.697576
       577       0.877221
       586       0.877221
       578       0.877221
       587       0.877221
       586       0.877221
       601       0.877221
       587       0.877221
       602       0.877221
       601       0.697576
       608       0.697576
       602       0.697576
       609       0.697576
       608       0.513228
       615       0.513228
       609       0.513228
       616       0.513228
       564       0.645399
       571       0.645399
       565       0.645399
       572       0.645399
       571       0.877221
       578       0.877221
       572       0.877221
       579       0.877221
       578       0.241376
      1263       0.241376
      1261       0.241376
      1264       0.241376
      1263       0.274637
       587       0.274637
      1264       0.274637
       588       0.274637
       587       0.274637
      1283       0.274637
       588       0.274637
      1284       0.274637
      1283       0.241376
       602       0.241376
      1284       0.241376
      1287       0.241376
       602       0.877221
       609       0.877221
       603       0.877221
       610       0.877221
       609       0.645399
       616       0.645399
       610       0.645399
       617       0.645399
      1261       0.436188
      1267       0.436188
       579       0.436188
       583       0.436188
      1267        0.07803
       588        0.07803
      1268        0.07803
       589        0.07803
       588        0.07803
      1279        0.07803
       589        0.07803
      1280        0.07803
      1279       0.436188
      1287       0.436188
       599       0.436188
       603       0.436188
      1268         0.0459
      1271         0.0459
       583         0.0459
       584         0.0459
      1271          0.017
       589          0.017
      1272          0.017
       590          0.017
       589          0.017
      1275          0.017
       590          0.017
      1276          0.017
      1275         0.0459
      1280         0.0459
       598         0.0459
       599         0.0459
      1272           0.01
       590           0.01
       584           0.01
       591           0.01
       590           0.01
      1276           0.01
       591           0.01
       598           0.01
       565       0.645399
       572       0.645399
       566       0.645399
       573       0.645399
       572       0.877221
       579       0.877221
       573       0.877221
       580       0.877221
       579       0.436188
       583       0.436188
      1262       0.436188
      1270       0.436188
       583         0.0459
       584         0.0459
      1269         0.0459
      1274         0.0459
       584           0.01
       591           0.01
      1273           0.01
       592           0.01
       591           0.01
       598           0.01
       592           0.01
      1277           0.01
       598         0.0459
       599         0.0459
      1278         0.0459
      1281         0.0459
       599       0.436188
       603       0.436188
      1282       0.436188
      1288       0.436188
       603       0.877221
       610       0.877221
       604       0.877221
       611       0.877221
       610       0.645399
       617       0.645399
       611       0.645399
       618       0.645399
      1273          0.017
       592          0.017
      1274          0.017
       593          0.017
       592          0.017
      1277          0.017
       593          0.017
      1278          0.017
      1269        0.07803
       593        0.07803
      1270        0.07803
       594        0.07803
       593        0.07803
      1281        0.07803
       594        0.07803
      1282        0.07803
      1262       0.241376
      1265       0.241376
       580       0.241376
      1266       0.241376
      1265       0.274637
       594       0.274637
      1266       0.274637
       595       0.274637
       594       0.274637
      1285       0.274637
       595       0.274637
      1286       0.274637
      1285       0.241376
      1288       0.241376
      1286       0.241376
       604       0.241376
       566       0.513228
       573       0.513228
       567       0.513228
       574       0.513228
       573       0.697576
       580       0.697576
       574       0.697576
       581       0.697576
       580       0.877221
       595       0.877221
       581       0.877221
       596       0.877221
       595       0.877221
       604       0.877221
       596       0.877221
       605       0.877221
       604       0.697576
       611       0.697576
       605       0.697576
       612       0.697576
       611       0.513228
       618       0.513228
       612       0.513228
       619       0.513228
       567       0.377598
       574       0.377598
       568       0.377598
       575       0.377598
       574       0.513228
       581       0.513228
       575       0.513228
       582       0.513228
       581       0.645399
       596       0.645399
       582       0.645399
       597       0.645399
       596       0.645399
       605       0.645399
       597       0.645399
       606       0.645399
       605       0.513228
       612       0.513228
       606       0.513228
       613       0.513228
       612       0.377598
       619       0.377598
       613       0.377598
       620       0.377598
         0      -0.377598
         7      -0.377598
         1      -0.377598
         8      -0.377598
         7      -0.513228
        14      -0.513228
         8      -0.513228
        15      -0.513228
        14      -0.645399
        23      -0.645399
        15      -0.645399
        24      -0.645399
        23      -0.645399
        38      -0.645399
        24      -0.645399
        39      -0.645399
        38      -0.513228
        45      -0.513228
        39      -0.513228
        46      -0.513228
        45      -0.377598
        52      -0.377598
        46      -0.377598
        53      -0.377598
         1      -0.513228
         8      -0.513228
         2      -0.513228
         9      -0.513228
         8      -0.697576
        15      -0.697576
         9      -0.697576
        16      -0.697576
        15      -0.877221
        24      -0.877221
        16      -0.877221
        25      -0.877221
        24      -0.877221
        39      -0.877221
        25      -0.877221
        40      -0.877221
        39      -0.697576
        46      -0.697576
        40      -0.697576
        47      -0.697576
        46      -0.513228
        53      -0.513228
        47      -0.513228
        54      -0.513228
         2      -0.645399
         9      -0.645399
         3      -0.645399
        10      -0.645399
         9      -0.877221
        16      -0.877221
        10      -0.877221
        17      -0.877221
        16      -0.241376
       623      -0.241376
       621      -0.241376
       624      -0.241376
       623      -0.274637
        25      -0.274637
       624      -0.274637
        26      -0.274637
        25      -0.274637
       643      -0.274637
        26      -0.274637
       644      -0.274637
       643      -0.241376
        40      -0.241376
       644      -0.241376
       647      -0.241376
        40      -0.877221
        47      -0.877221
        41      -0.877221
        48      -0.877221
        47      -0.645399
        54      -0.645399
        48      -0.645399
        55      -0.645399
       621      -0.436188
       627      -0.436188
        17      -0.436188
        21      -0.436188
       627       -0.07803
        26       -0.07803
       628       -0.07803
        27       -0.07803
        26       -0.07803
       639       -0.07803
        27       -0.07803
       640       -0.07803
       639      -0.436188
       647      -0.436188
        37      -0.436188
        41      -0.436188
       628        -0.0459
       631        -0.0459
        21        -0.0459
        22        -0.0459
       631         -0.017
        27         -0.017
       632         -0.017
        28         -0.017
        27         -0.017
       635         -0.017
        28         -0.017
       636         -0.017
       635        -0.0459
       640        -0.0459
        36        -0.0459
        37        -0.0459
       632          -0.01
        28          -0.01
        22          -0.01
        29          -0.01
        28          -0.01
       636          -0.01
        29          -0.01
        36          -0.01
         3      -0.645399
        10      -0.645399
         4      -0.645399
        11      -0.645399
        10      -0.877221
        17      -0.877221
        11      -0.877221
        18      -0.877221
        17      -0.436188
        21      -0.436188
       622      -0.436188
       630      -0.436188
        21        -0.0459
        22        -0.0459
       629        -0.0459
       634        -0.0459
        22          -0.01
        29          -0.01
       633          -0.01
        30          -0.01
        29          -0.01
        36          -0.01
        30          -0.01
       637          -0.01
        36        -0.0459
        37        -0.0459
       638        -0.0459
       641        -0.0459
        37      -0.436188
        41      -0.436188
       642      -0.436188
       648      -0.436188
        41      -0.877221
        48      -0.877221
        42      -0.877221
        49      -0.877221
        48      -0.645399
        55      -0.645399
        49      -0.645399
        56      -0.645399
       633         -0.017
        30         -0.017
       634         -0.017
        31         -0.017
        30         -0.017
       637         -0.017
        31         -0.017
       638         -0.017
       629       -0.07803
        31       -0.07803
       630       -0.07803
        32       -0.07803
        31       -0.07803
       641       -0.07803
        32       -0.07803
       642       -0.07803
       622      -0.241376
       625      -0.241376
        18      -0.241376
       626      -0.241376
       625      -0.274637
        32      -0.274637
       626      -0.274637
        33      -0.274637
        32      -0.274637
       645      -0.274637
        33      -0.274637
       646      -0.274637
       645      -0.241376
       648      -0.241376
       646      -0.241376
        42      -0.241376
         4      -0.513228
        11      -0.513228
         5      -0.513228
        12      -0.513228
        11      -0.697576
        18      -0.697576
        12      -0.697576
        19      -0.697576
        18      -0.877221
        33      -0.877221
        19      -0.877221
        34      -0.877221
        33      -0.877221
        42      -0.877221
        34      -0.877221
        43      -0.877221
        42      -0.697576
        49      -0.697576
        43      -0.697576
        50      -0.697576
        49      -0.513228
        56      -0.513228
        50      -0.513228
        57      -0.513228
         5      -0.377598
        12      -0.377598
         6      -0.377598
        13      -0.377598
        12      -0.513228
        19      -0.513228
        13      -0.513228
        20      -0.513228
        19      -0.645399
        34      -0.645399
        20      -0.645399
        35      -0.645399
        34      -0.645399
        43      -0.645399
        35      -0.645399
        44      -0.645399
        43      -0.513228
        50      -0.513228
        44      -0.513228
        51      -0.513228
        50      -0.377598
        57      -0.377598
        51      -0.377598
        58      -0.377598
         0      -0.377598
        59      -0.377598
         7      -0.377598
        66      -0.377598
        59      -0.513228
       106      -0.513228
        66      -0.513228
       113      -0.513228
       106      -0.645399
       226      -0.645399
       113      -0.645399
       239      -0.645399
       226      -0.645399
       456      -0.645399
       239      -0.645399
       463      -0.645399
       456      -0.513228
       509      -0.513228
       463      -0.513228
       516      -0.513228
       509      -0.377598
       562      -0.377598
       516      -0.377598
       569      -0.377598
         7      -0.513228
        66      -0.513228
        14      -0.513228
        73      -0.513228
        66      -0.697576
       113      -0.697576
        73      -0.697576
       120      -0.697576
       113      -0.877221
       239      -0.877221
       120      -0.877221
       252      -0.877221
       239      -0.877221
       463      -0.877221
       252      -0.877221
       466      -0.877221
       463      -0.697576
       516      -0.697576
       466      -0.697576
       519      -0.697576
       516      -0.513228
       569      -0.513228
       519      -0.513228
       576      -0.513228
        14      -0.645399
        73      -0.645399
        23      -0.645399
        80      -0.645399
        73      -0.877221
       120      -0.877221
        80      -0.877221
       129      -0.877221
       120      -0.241376
       741      -0.241376
       695      -0.241376
       750      -0.241376
       741      -0.274637
       252      -0.274637
       750      -0.274637
       265      -0.274637
       252      -0.274637
      1115      -0.274637
       265      -0.274637
      1124      -0.274637
      1115      -0.241376
       466      -0.241376
      1124      -0.241376
      1187      -0.241376
       466      -0.877221
       519      -0.877221
       475      -0.877221
       528      -0.877221
       519      -0.645399
       576      -0.645399
       528      -0.645399
       585      -0.645399
       695      -0.436188
       815      -0.436188
       129      -0.436188
       182      -0.436188
       815       -0.07803
       265       -0.07803
       825       -0.07803
       278       -0.07803
       265       -0.07803
      1047       -0.07803
       278       -0.07803
      1057       -0.07803
      1047      -0.436188
      1187      -0.436188
       426      -0.436188
       475      -0.436188
       825        -0.0459
       891        -0.0459
       182        -0.0459
       207        -0.0459
       891         -0.017
       278         -0.017
       903         -0.017
       291         -0.017
       278         -0.017
       971         -0.017
       291         -0.017
       983         -0.017
       971        -0.0459
      1057        -0.0459
       401        -0.0459
       426        -0.0459
       903          -0.01
       291          -0.01
       207          -0.01
       304          -0.01
       291          -0.01
       983          -0.01
       304          -0.01
       401          -0.01
        23      -0.645399
        80      -0.645399
        38      -0.645399
        93      -0.645399
        80      -0.877221
       129      -0.877221
        93      -0.877221
       144      -0.877221
       129      -0.436188
       182      -0.436188
       719      -0.436188
       853      -0.436188
       182        -0.0459
       207        -0.0459
       843        -0.0459
       927        -0.0459
       207          -0.01
       304          -0.01
       915          -0.01
       317          -0.01
       304          -0.01
       401          -0.01
       317          -0.01
       995          -0.01
       401        -0.0459
       426        -0.0459
      1007        -0.0459
      1075        -0.0459
       426      -0.436188
       475      -0.436188
      1085      -0.436188
      1211      -0.436188
       475      -0.877221
       528      -0.877221
       490      -0.877221
       543      -0.877221
       528      -0.645399
       585      -0.645399
       543      -0.645399
       600      -0.645399
       915         -0.017
       317         -0.017
       927         -0.017
       330         -0.017
       317         -0.017
       995         -0.017
       330         -0.017
      1007         -0.017
       843       -0.07803
       330       -0.07803
       853       -0.07803
       343       -0.07803
       330       -0.07803
      1075       -0.07803
       343       -0.07803
      1085       -0.07803
       719      -0.241376
       777      -0.241376
       144      -0.241376
       786      -0.241376
       777      -0.274637
       343      -0.274637
       786      -0.274637
       356      -0.274637
       343      -0.274637
      1151      -0.274637
       356      -0.274637
      1160      -0.274637
      1151      -0.241376
      1211      -0.241376
      1160      -0.241376
       490      -0.241376
        38      -0.513228
        93      -0.513228
        45      -0.513228
        96      -0.513228
        93      -0.697576
       144      -0.697576
        96      -0.697576
       151      -0.697576
       144      -0.877221
       356      -0.877221
       151      -0.877221
       369      -0.877221
       356      -0.877221
       490      -0.877221
       369      -0.877221
       496      -0.877221
       490      -0.697576
       543      -0.697576
       496      -0.697576
       549      -0.697576
       543      -0.513228
       600      -0.513228
       549      -0.513228
       607      -0.513228
        45      -0.377598
        96      -0.377598
        52      -0.377598
        99      -0.377598
        96      -0.513228
       151      -0.513228
        99      -0.513228
       158      -0.513228
       151      -0.645399
       369      -0.645399
       158      -0.645399
       382      -0.645399
       369      -0.645399
       496      -0.645399
       382      -0.645399
       502      -0.645399
       496      -0.513228
       549      -0.513228
       502      -0.513228
       555      -0.513228
       549      -0.377598
       607      -0.377598
       555      -0.377598
       614      -0.377598
         6       0.377598
        65       0.377598
        13       0.377598
        72       0.377598
        65       0.513228
       112       0.513228
        72       0.513228
       119       0.513228
       112       0.645399
       238       0.645399
       119       0.645399
       251       0.645399
       238       0.645399
       462       0.645399
       251       0.645399
       465       0.645399
       462       0.513228
       515       0.513228
       465       0.513228
       518       0.513228
       515       0.377598
       568       0.377598
       518       0.377598
       575       0.377598
        13       0.513228
        72       0.513228
        20       0.513228
        77       0.513228
        72       0.697576
       119       0.697576
        77       0.697576
       126       0.697576
       119       0.877221
       251       0.877221
       126       0.877221
       264       0.877221
       251       0.877221
       465       0.877221
       264       0.877221
       472       0.877221
       465       0.697576
       518       0.697576
       472       0.697576
       525       0.697576
       518       0.513228
       575       0.513228
       525       0.513228
       582       0.513228
        20       0.645399
        77       0.645399
        35       0.645399
        90       0.645399
        77       0.877221
       126       0.877221
        90       0.877221
       141       0.877221
       126       0.241376
       749       0.241376
       702       0.241376
       758       0.241376
       749       0.274637
       264       0.274637
       758       0.274637
       277       0.274637
       264       0.274637
      1123       0.274637
       277       0.274637
      1132       0.274637
      1123       0.241376
       472       0.241376
      1132       0.241376
      1194       0.241376
       472       0.877221
       525       0.877221
       487       0.877221
       540       0.877221
       525       0.645399
       582       0.645399
       540       0.645399
       597       0.645399
       702       0.436188
       824       0.436188
       141       0.436188
       194       0.436188
       824        0.07803
       277        0.07803
       834        0.07803
       290        0.07803
       277        0.07803
      1056        0.07803
       290        0.07803
      1066        0.07803
      1056       0.436188
      1194       0.436188
       438       0.436188
       487       0.436188
       834         0.0459
       902         0.0459
       194         0.0459
       219         0.0459
       902          0.017
       290          0.017
       914          0.017
       303          0.017
       290          0.017
       982          0.017
       303          0.017
       994          0.017
       982         0.0459
      1066         0.0459
       413         0.0459
       438         0.0459
       914           0.01
       303           0.01
       219           0.01
       316           0.01
       303           0.01
       994           0.01
       316           0.01
       413           0.01
        35       0.645399
        90       0.645399
        44       0.645399
        95       0.645399
        90       0.877221
       141       0.877221
        95       0.877221
       150       0.877221
       141       0.436188
       194       0.436188
       726       0.436188
       862       0.436188
       194         0.0459
       219         0.0459
       852         0.0459
       938         0.0459
       219           0.01
       316           0.01
       926           0.01
       329           0.01
       316           0.01
       413           0.01
       329           0.01
      1006           0.01
       413         0.0459
       438         0.0459
      1018         0.0459
      1084         0.0459
       438       0.436188
       487       0.436188
      1094       0.436188
      1218       0.436188
       487       0.877221
       540       0.877221
       495       0.877221
       548       0.877221
       540       0.645399
       597       0.645399
       548       0.645399
       606       0.645399
       926          0.017
       329          0.017
       938          0.017
       342          0.017
       329          0.017
      1006          0.017
       342          0.017
      1018          0.017
       852        0.07803
       342        0.07803
       862        0.07803
       355        0.07803
       342        0.07803
      1084        0.07803
       355        0.07803
      1094        0.07803
       726       0.241376
       785       0.241376
       150       0.241376
       794       0.241376
       785       0.274637
       355       0.274637
       794       0.274637
       368       0.274637
       355       0.274637
      1159       0.274637
       368       0.274637
      1168       0.274637
      1159       0.241376
      1218       0.241376
      1168       0.241376
       495       0.241376
        44       0.513228
        95       0.513228
        51       0.513228
        98       0.513228
        95       0.697576
       150       0.697576
        98       0.697576
       157       0.697576
       150       0.877221
       368       0.877221
       157       0.877221
       381       0.877221
       368       0.877221
       495       0.877221
       381       0.877221
       501       0.877221
       495       0.697576
       548       0.697576
       501       0.697576
       554       0.697576
       548       0.513228
       606       0.513228
       554       0.513228
       613       0.513228
        51       0.377598
        98       0.377598
        58       0.377598
       105       0.377598
        98       0.513228
       157       0.513228
       105       0.513228
       164       0.513228
       157       0.645399
       381       0.645399
       164       0.645399
       394       0.645399
       381       0.645399
       501       0.645399
       394       0.645399
       508       0.645399
       501       0.513228
       554       0.513228
       508       0.513228
       561       0.513228
       554       0.377598
       613       0.377598
       561       0.377598
       620       0.377598
         0      -0.377598
        59      -0.377598
         1      -0.377598
        60      -0.377598
        59      -0.513228
       106      -0.513228
        60      -0.513228
       107      -0.513228
       106      -0.645399
       226      -0.645399
       107      -0.645399
       227      -0.645399
       226      -0.645399
       456      -0.645399
       227      -0.645399
       457      -0.645399
       456      -0.513228
       509      -0.513228
       457      -0.513228
       510      -0.513228
       509      -0.377598
       562      -0.377598
       510      -0.377598
       563      -0.377598
         1      -0.513228
        60      -0.513228
         2      -0.513228
        61      -0.513228
        60      -0.697576
       107      -0.697576
        61      -0.697576
       108      -0.697576
       107      -0.877221
       227      -0.877221
       108      -0.877221
       228      -0.877221
       227      -0.877221
       457      -0.877221
       228      -0.877221
       458      -0.877221
       457      -0.697576
       510      -0.697576
       458      -0.697576
       511      -0.697576
       510      -0.513228
       563      -0.513228
       511      -0.513228
       564      -0.513228
         2      -0.645399
        61      -0.645399
         3      -0.645399
        62      -0.645399
        61      -0.877221
       108      -0.877221
        62      -0.877221
       109      -0.877221
       108      -0.241376
       733      -0.241376
       689      -0.241376
       734      -0.241376
       733      -0.274637
       228      -0.274637
       734      -0.274637
       229      -0.274637
       228      -0.274637
      1107      -0.274637
       229      -0.274637
      1108      -0.274637
      1107      -0.241376
       458      -0.241376
      1108      -0.241376
      1177      -0.241376
       458      -0.877221
       511      -0.877221
       459      -0.877221
       512      -0.877221
       511      -0.645399
       564      -0.645399
       512      -0.645399
       565      -0.645399
       689      -0.436188
       803      -0.436188
       109      -0.436188
       176      -0.436188
       803       -0.07803
       229       -0.07803
       804       -0.07803
       230       -0.07803
       229       -0.07803
      1035       -0.07803
       230       -0.07803
      1036       -0.07803
      1035      -0.436188
      1177      -0.436188
       420      -0.436188
       459      -0.436188
       804        -0.0459
       875        -0.0459
       176        -0.0459
       201        -0.0459
       875         -0.017
       230         -0.017
       876         -0.017
       231         -0.017
       230         -0.017
       955         -0.017
       231         -0.017
       956         -0.017
       955        -0.0459
      1036        -0.0459
       395        -0.0459
       420        -0.0459
       876          -0.01
       231          -0.01
       201          -0.01
       232          -0.01
       231          -0.01
       956          -0.01
       232          -0.01
       395          -0.01
         3      -0.645399
        62      -0.645399
         4      -0.645399
        63      -0.645399
        62      -0.877221
       109      -0.877221
        63      -0.877221
       110      -0.877221
       109      -0.436188
       176      -0.436188
       690      -0.436188
       806      -0.436188
       176        -0.0459
       201        -0.0459
       805        -0.0459
       878        -0.0459
       201          -0.01
       232          -0.01
       877          -0.01
       233          -0.01
       232          -0.01
       395          -0.01
       233          -0.01
       957          -0.01
       395        -0.0459
       420        -0.0459
       958        -0.0459
      1037        -0.0459
       420      -0.436188
       459      -0.436188
      1038      -0.436188
      1178      -0.436188
       459      -0.877221
       512      -0.877221
       460      -0.877221
       513      -0.877221
       512      -0.645399
       565      -0.645399
       513      -0.645399
       566      -0.645399
       877         -0.017
       233         -0.017
       878         -0.017
       234         -0.017
       233         -0.017
       957         -0.017
       234         -0.017
       958         -0.017
       805       -0.07803
       234       -0.07803
       806       -0.07803
       235       -0.07803
       234       -0.07803
      1037       -0.07803
       235       -0.07803
      1038       -0.07803
       690      -0.241376
       735      -0.241376
       110      -0.241376
       736      -0.241376
       735      -0.274637
       235      -0.274637
       736      -0.274637
       236      -0.274637
       235      -0.274637
      1109      -0.274637
       236      -0.274637
      1110      -0.274637
      1109      -0.241376
      1178      -0.241376
      1110      -0.241376
       460      -0.241376
         4      -0.513228
        63      -0.513228
         5      -0.513228
        64      -0.513228
        63      -0.697576
       110      -0.697576
        64      -0.697576
       111      -0.697576
       110      -0.877221
       236      -0.877221
       111      -0.877221
       237      -0.877221
       236      -0.877221
       460      -0.877221
       237      -0.877221
       461      -0.877221
       460      -0.697576
       513      -0.697576
       461      -0.697576
       514      -0.697576
       513      -0.513228
       566      -0.513228
       514      -0.513228
       567      -0.513228
         5      -0.377598
        64      -0.377598
         6      -0.377598
        65      -0.377598
        64      -0.513228
       111      -0.513228
        65      -0.513228
       112      -0.513228
       111      -0.645399
       237      -0.645399
       112      -0.645399
       238      -0.645399
       237      -0.645399
       461      -0.645399
       238      -0.645399
       462      -0.645399
       461      -0.513228
       514      -0.513228
       462      -0.513228
       515      -0.513228
       514      -0.377598
       567      -0.377598
       515      -0.377598
       568      -0.377598
        52       0.377598
        99       0.377598
        53       0.377598
       100       0.377598
        99       0.513228
       158       0.513228
       100       0.513228
       159       0.513228
       158       0.645399
       382       0.645399
       159       0.645399
       383       0.645399
       382       0.645399
       502       0.645399
       383       0.645399
       503       0.645399
       502       0.513228
       555       0.513228
       503       0.513228
       556       0.513228
       555       0.377598
       614       0.377598
       556       0.377598
       615       0.377598
        53       0.513228
       100       0.513228
        54       0.513228
       101       0.513228
       100       0.697576
       159       0.697576
       101       0.697576
       160       0.697576
       159       0.877221
       383       0.877221
       160       0.877221
       384       0.877221
       383       0.877221
       503       0.877221
       384       0.877221
       504       0.877221
       503       0.697576
       556       0.697576
       504       0.697576
       557       0.697576
       556       0.513228
       615       0.513228
       557       0.513228
       616       0.513228
        54       0.645399
       101       0.645399
        55       0.645399
       102       0.645399
       101       0.877221
       160       0.877221
       102       0.877221
       161       0.877221
       160       0.241376
       799       0.241376
       731       0.241376
       800       0.241376
       799       0.274637
       384       0.274637
       800       0.274637
       385       0.274637
       384       0.274637
      1173       0.274637
       385       0.274637
      1174       0.274637
      1173       0.241376
       504       0.241376
      1174       0.241376
      1225       0.241376
       504       0.877221
       557       0.877221
       505       0.877221
       558       0.877221
       557       0.645399
       616       0.645399
       558       0.645399
       617       0.645399
       731       0.436188
       871       0.436188
       161       0.436188
       200       0.436188
       871        0.07803
       385        0.07803
       872        0.07803
       386        0.07803
       385        0.07803
      1103        0.07803
       386        0.07803
      1104        0.07803
      1103       0.436188
      1225       0.436188
       444       0.436188
       505       0.436188
       872         0.0459
       951         0.0459
       200         0.0459
       225         0.0459
       951          0.017
       386          0.017
       952          0.017
       387          0.017
       386          0.017
      1031          0.017
       387          0.017
      1032          0.017
      1031         0.0459
      1104         0.0459
       419         0.0459
       444         0.0459
       952           0.01
       387           0.01
       225           0.01
       388           0.01
       387           0.01
      1032           0.01
       388           0.01
       419           0.01
        55       0.645399
       102       0.645399
        56       0.645399
       103       0.645399
       102       0.877221
       161       0.877221
       103       0.877221
       162       0.877221
       161       0.436188
       200       0.436188
       732       0.436188
       874       0.436188
       200         0.0459
       225         0.0459
       873         0.0459
       954         0.0459
       225           0.01
       388           0.01
       953           0.01
       389           0.01
       388           0.01
       419           0.01
       389           0.01
      1033           0.01
       419         0.0459
       444         0.0459
      1034         0.0459
      1105         0.0459
       444       0.436188
       505       0.436188
      1106       0.436188
      1226       0.436188
       505       0.877221
       558       0.877221
       506       0.877221
       559       0.877221
       558       0.645399
       617       0.645399
       559       0.645399
       618       0.645399
       953          0.017
       389          0.017
       954          0.017
       390          0.017
       389          0.017
      1033          0.017
       390          0.017
      1034          0.017
       873        0.07803
       390        0.07803
       874        0.07803
       391        0.07803
       390        0.07803
      1105        0.07803
       391        0.07803
      1106        0.07803
       732       0.241376
       801       0.241376
       162       0.241376
       802       0.241376
       801       0.274637
       391       0.274637
       802       0.274637
       392       0.274637
       391       0.274637
      1175       0.274637
       392       0.274637
      1176       0.274637
      1175       0.241376
      1226       0.241376
      1176       0.241376
       506       0.241376
        56       0.513228
       103       0.513228
        57       0.513228
       104       0.513228
       103       0.697576
       162       0.697576
       104       0.697576
       163       0.697576
       162       0.877221
       392       0.877221
       163       0.877221
       393       0.877221
       392       0.877221
       506       0.877221
       393       0.877221
       507       0.877221
       506       0.697576
       559       0.697576
       507       0.697576
       560       0.697576
       559       0.513228
       618       0.513228
       560       0.513228
       619       0.513228
        57       0.377598
       104       0.377598
        58       0.377598
       105       0.377598
       104       0.513228
       163       0.513228
       105       0.513228
       164       0.513228
       163       0.645399
       393       0.645399
       164       0.645399
       394       0.645399
       393       0.645399
       507       0.645399
       394       0.645399
       508       0.645399
       507       0.513228
       560       0.513228
       508       0.513228
       561       0.513228
       560       0.377598
       619       0.377598
       561       0.377598
       620       0.377598
