783	0	10	0	10	0	10
0 1 7 8 59 60 66 67 
1 2 8 9 60 61 67 68 
2 3 9 10 61 62 68 69 
3 4 10 11 62 63 69 70 
4 5 11 12 63 64 70 71 
5 6 12 13 64 65 71 72 
7 8 14 15 66 67 73 74 
8 9 15 16 67 68 74 75 
9 10 16 17 68 69 75 76 
10 11 17 18 69 70 76 651 
11 12 18 19 70 71 651 652 
12 13 19 20 71 72 652 77 
14 15 23 24 73 74 80 81 
15 16 24 25 74 75 81 82 
16 621 623 624 75 649 653 654 
621 17 627 21 649 76 657 78 
17 622 21 630 76 650 78 660 
622 18 625 626 650 651 655 656 
18 19 33 34 124 125 139 140 
19 20 34 35 652 77 666 90 
623 624 25 26 653 654 82 83 
625 626 32 33 655 656 89 665 
627 628 26 27 657 658 83 84 
628 21 631 22 658 78 661 79 
21 629 22 634 78 659 79 664 
629 630 31 32 659 660 88 89 
631 632 27 28 661 662 84 85 
632 22 28 29 662 79 85 86 
22 633 29 30 79 663 86 87 
633 634 30 31 663 664 87 88 
23 24 38 39 80 81 93 94 
24 25 39 40 81 82 94 679 
25 26 643 644 82 83 675 676 
26 27 639 640 83 84 671 672 
27 28 635 636 84 85 667 668 
28 29 636 36 85 86 668 91 
29 30 36 637 86 87 91 669 
30 31 637 638 87 88 669 670 
31 32 641 642 88 89 673 674 
32 33 645 646 89 665 677 678 
33 34 42 43 139 140 148 149 
34 35 43 44 666 90 684 95 
635 36 640 37 667 91 672 92 
36 638 37 641 91 670 92 673 
639 37 647 41 671 92 680 681 
37 642 41 648 92 674 681 682 
643 644 40 647 675 676 679 680 
645 646 648 42 677 678 682 683 
38 39 45 46 93 94 96 97 
39 40 46 47 94 679 97 685 
40 41 47 48 146 147 153 154 
41 42 48 49 147 148 154 155 
42 43 49 50 148 149 155 156 
43 44 50 51 684 95 688 98 
45 46 52 53 96 97 99 100 
46 47 53 54 97 685 100 101 
47 48 54 55 685 686 101 102 
48 49 55 56 686 687 102 103 
49 50 56 57 687 688 103 104 
50 51 57 58 688 98 104 105 
59 60 66 67 106 107 113 114 
60 61 67 68 107 108 114 115 
61 62 68 69 108 109 115 116 
62 63 69 70 109 110 116 117 
63 64 70 71 110 111 117 118 
64 65 71 72 111 112 118 119 
66 67 73 74 113 114 120 121 
67 68 74 75 114 115 121 122 
68 69 75 76 115 116 122 123 
69 70 76 651 116 117 123 124 
70 71 651 652 117 118 124 125 
71 72 652 77 118 119 125 126 
73 74 80 81 120 121 129 130 
74 75 81 82 121 122 130 131 
75 649 653 654 122 693 697 698 
649 76 657 78 693 123 703 127 
76 650 78 660 123 694 127 706 
650 651 655 656 694 124 699 700 
652 77 666 90 125 126 140 141 
653 654 82 83 697 698 131 132 
655 656 89 665 699 700 138 139 
657 658 83 84 703 704 132 133 
658 78 661 79 704 127 707 128 
78 659 79 664 127 705 128 710 
659 660 88 89 705 706 137 138 
661 662 84 85 707 708 133 134 
662 79 85 86 708 128 134 135 
79 663 86 87 128 709 135 136 
663 664 87 88 709 710 136 137 
80 81 93 94 129 130 144 145 
81 82 94 679 130 131 145 146 
82 83 675 676 131 132 721 722 
83 84 671 672 132 133 715 716 
84 85 667 668 133 134 711 712 
85 86 668 91 134 135 712 142 
86 87 91 669 135 136 142 713 
87 88 669 670 136 137 713 714 
88 89 673 674 137 138 717 718 
89 665 677 678 138 139 723 724 
666 90 684 95 140 141 149 150 
667 91 672 92 711 142 716 143 
91 670 92 673 142 714 143 717 
671 92 680 681 715 143 727 147 
92 674 681 682 143 718 147 728 
675 676 679 680 721 722 146 727 
677 678 682 683 723 724 728 148 
93 94 96 97 144 145 151 152 
94 679 97 685 145 146 152 153 
684 95 688 98 149 150 156 157 
96 97 99 100 151 152 158 159 
97 685 100 101 152 153 159 160 
685 686 101 102 153 154 160 161 
686 687 102 103 154 155 161 162 
687 688 103 104 155 156 162 163 
688 98 104 105 156 157 163 164 
106 107 113 114 226 227 239 240 
107 108 114 115 227 228 240 241 
108 689 115 691 733 734 737 738 
689 109 691 116 803 176 807 177 
109 690 116 692 176 806 177 810 
690 110 692 117 735 736 739 740 
110 111 117 118 236 237 249 250 
111 112 118 119 237 238 250 251 
113 114 120 121 239 240 252 253 
114 115 121 122 240 241 253 254 
115 691 122 693 737 738 743 744 
691 116 693 123 807 177 811 178 
116 692 123 694 177 810 178 814 
692 117 694 124 739 740 746 747 
117 118 124 125 249 250 262 263 
118 119 125 126 250 251 263 264 
120 121 695 696 741 742 750 751 
121 122 696 697 742 743 751 752 
122 693 697 698 743 744 752 753 
693 123 703 127 744 745 759 165 
123 694 127 706 745 746 165 762 
694 124 699 700 746 747 755 756 
124 125 700 701 747 748 756 757 
125 126 701 702 748 749 757 758 
695 696 129 130 815 816 182 183 
696 697 130 131 816 817 183 184 
697 698 131 132 752 753 767 167 
699 700 138 139 755 756 173 768 
700 701 139 140 822 823 192 193 
701 702 140 141 823 824 193 194 
703 704 132 133 759 760 167 168 
704 127 707 128 760 165 763 166 
127 705 128 710 165 761 166 766 
705 706 137 138 761 762 172 173 
707 708 133 134 763 764 168 169 
708 128 134 135 764 166 169 170 
128 709 135 136 166 765 170 171 
709 710 136 137 765 766 171 172 
129 130 719 720 182 183 853 854 
130 131 720 721 183 184 854 855 
131 132 721 722 767 167 779 780 
132 133 715 716 167 168 773 774 
133 134 711 712 168 169 769 770 
134 135 712 142 169 170 770 174 
135 136 142 713 170 171 174 771 
136 137 713 714 171 172 771 772 
137 138 717 718 172 173 775 776 
138 139 723 724 173 768 782 783 
139 140 724 725 192 193 860 861 
140 141 725 726 193 194 861 862 
711 142 716 143 769 174 774 175 
142 714 143 717 174 772 175 775 
715 143 727 147 773 175 789 790 
143 718 147 728 175 776 790 791 
719 720 144 145 777 778 786 787 
720 721 145 146 778 779 787 788 
721 722 146 727 779 780 788 789 
723 724 728 148 782 783 791 792 
724 725 148 149 783 784 792 793 
725 726 149 150 784 785 793 794 
144 145 151 152 356 357 369 370 
145 146 152 153 357 358 370 371 
146 727 153 729 788 789 795 796 
727 147 729 154 863 198 867 199 
147 728 154 730 198 866 199 870 
728 148 730 155 791 792 797 798 
148 149 155 156 366 367 379 380 
149 150 156 157 367 368 380 381 
151 152 158 159 369 370 382 383 
152 153 159 160 370 371 383 384 
153 729 160 731 795 796 799 800 
729 154 731 161 867 199 871 200 
154 730 161 732 199 870 200 874 
730 155 732 162 797 798 801 802 
155 156 162 163 379 380 392 393 
156 157 163 164 380 381 393 394 
733 734 737 738 228 229 241 242 
735 736 739 740 235 236 248 249 
737 738 743 744 241 242 254 255 
739 740 746 747 248 249 261 262 
741 742 750 751 252 253 265 266 
742 743 751 752 253 254 266 267 
743 744 752 753 254 255 267 268 
744 745 753 754 811 178 818 179 
745 746 754 755 178 814 179 821 
746 747 755 756 261 262 274 275 
747 748 756 757 262 263 275 276 
748 749 757 758 263 264 276 277 
752 753 767 167 817 818 184 185 
753 754 759 165 818 179 828 180 
754 755 165 762 179 821 180 831 
755 756 173 768 821 822 191 192 
759 760 167 168 828 829 185 186 
760 165 763 166 829 180 835 181 
165 761 166 766 180 830 181 838 
761 762 172 173 830 831 190 191 
763 764 168 169 835 836 186 187 
764 166 169 170 836 181 187 188 
166 765 170 171 181 837 188 189 
765 766 171 172 837 838 189 190 
767 167 779 780 184 185 855 856 
167 168 773 774 185 186 846 847 
168 169 769 770 186 187 839 840 
169 170 770 174 187 188 840 195 
170 171 174 771 188 189 195 841 
171 172 771 772 189 190 841 842 
172 173 775 776 190 191 848 849 
173 768 782 783 191 192 859 860 
769 174 774 175 839 195 847 196 
174 772 175 775 195 842 196 848 
773 175 780 781 846 196 856 197 
175 776 781 782 196 849 197 859 
777 778 786 787 343 344 356 357 
778 779 787 788 344 345 357 358 
779 780 788 789 345 346 358 359 
780 781 789 790 856 197 863 198 
781 782 790 791 197 859 198 866 
782 783 791 792 352 353 365 366 
783 784 792 793 353 354 366 367 
784 785 793 794 354 355 367 368 
788 789 795 796 358 359 371 372 
791 792 797 798 365 366 378 379 
795 796 799 800 371 372 384 385 
797 798 801 802 378 379 391 392 
803 804 807 808 229 230 242 243 
804 176 808 177 875 201 879 202 
176 805 177 809 201 878 202 882 
805 806 809 810 234 235 247 248 
807 808 811 812 242 243 255 256 
808 177 812 178 879 202 883 203 
177 809 178 813 202 882 203 886 
809 810 813 814 247 248 260 261 
811 812 818 819 255 256 268 269 
812 178 819 179 883 203 887 204 
178 813 179 820 203 886 204 890 
813 814 820 821 260 261 273 274 
815 816 825 826 265 266 278 279 
816 817 826 827 266 267 279 280 
817 818 827 828 267 268 280 281 
818 819 828 829 268 269 281 282 
819 179 829 180 887 204 895 205 
179 820 180 830 204 890 205 898 
820 821 830 831 273 274 286 287 
821 822 831 832 274 275 287 288 
822 823 832 833 275 276 288 289 
823 824 833 834 276 277 289 290 
825 826 182 183 891 892 207 208 
826 827 183 184 892 893 208 209 
827 828 184 185 893 894 209 210 
828 829 185 186 894 895 210 211 
829 180 835 181 895 205 907 206 
180 830 181 838 205 898 206 910 
830 831 190 191 898 899 215 216 
831 832 191 192 899 900 216 217 
832 833 192 193 900 901 217 218 
833 834 193 194 901 902 218 219 
835 836 186 187 907 908 211 212 
836 181 187 188 908 206 212 213 
181 837 188 189 206 909 213 214 
837 838 189 190 909 910 214 215 
182 183 843 844 207 208 927 928 
183 184 844 845 208 209 928 929 
184 185 845 846 209 210 929 930 
185 186 846 847 210 211 930 931 
186 187 839 840 211 212 919 920 
187 188 840 195 212 213 920 220 
188 189 195 841 213 214 220 921 
189 190 841 842 214 215 921 922 
190 191 848 849 215 216 934 935 
191 192 849 850 216 217 935 936 
192 193 850 851 217 218 936 937 
193 194 851 852 218 219 937 938 
839 195 847 196 919 220 931 221 
195 842 196 848 220 922 221 934 
843 844 853 854 330 331 343 344 
844 845 854 855 331 332 344 345 
845 846 855 856 332 333 345 346 
846 847 856 857 333 334 346 347 
847 196 857 197 931 221 939 222 
196 848 197 858 221 934 222 942 
848 849 858 859 338 339 351 352 
849 850 859 860 339 340 352 353 
850 851 860 861 340 341 353 354 
851 852 861 862 341 342 354 355 
856 857 863 864 346 347 359 360 
857 197 864 198 939 222 943 223 
197 858 198 865 222 942 223 946 
858 859 865 866 351 352 364 365 
863 864 867 868 359 360 372 373 
864 198 868 199 943 223 947 224 
198 865 199 869 223 946 224 950 
865 866 869 870 364 365 377 378 
867 868 871 872 372 373 385 386 
868 199 872 200 947 224 951 225 
199 869 200 873 224 950 225 954 
869 870 873 874 377 378 390 391 
875 876 879 880 230 231 243 244 
876 201 880 202 231 232 244 245 
201 877 202 881 232 233 245 246 
877 878 881 882 233 234 246 247 
879 880 883 884 243 244 256 257 
880 202 884 203 244 245 257 258 
202 881 203 885 245 246 258 259 
881 882 885 886 246 247 259 260 
883 884 887 888 256 257 269 270 
884 203 888 204 257 258 270 271 
203 885 204 889 258 259 271 272 
885 886 889 890 259 260 272 273 
887 888 895 896 269 270 282 283 
888 204 896 205 270 271 283 284 
204 889 205 897 271 272 284 285 
889 890 897 898 272 273 285 286 
891 892 903 904 278 279 291 292 
892 893 904 905 279 280 292 293 
893 894 905 906 280 281 293 294 
894 895 906 907 281 282 294 295 
895 896 907 908 282 283 295 296 
896 205 908 206 283 284 296 297 
205 897 206 909 284 285 297 298 
897 898 909 910 285 286 298 299 
898 899 910 911 286 287 299 300 
899 900 911 912 287 288 300 301 
900 901 912 913 288 289 301 302 
901 902 913 914 289 290 302 303 
903 904 207 208 291 292 304 305 
904 905 208 209 292 293 305 306 
905 906 209 210 293 294 306 307 
906 907 210 211 294 295 307 308 
907 908 211 212 295 296 308 309 
908 206 212 213 296 297 309 310 
206 909 213 214 297 298 310 311 
909 910 214 215 298 299 311 312 
910 911 215 216 299 300 312 313 
911 912 216 217 300 301 313 314 
912 913 217 218 301 302 314 315 
913 914 218 219 302 303 315 316 
207 208 915 916 304 305 317 318 
208 209 916 917 305 306 318 319 
209 210 917 918 306 307 319 320 
210 211 918 919 307 308 320 321 
211 212 919 920 308 309 321 322 
212 213 920 220 309 310 322 323 
213 214 220 921 310 311 323 324 
214 215 921 922 311 312 324 325 
215 216 922 923 312 313 325 326 
216 217 923 924 313 314 326 327 
217 218 924 925 314 315 327 328 
218 219 925 926 315 316 328 329 
915 916 927 928 317 318 330 331 
916 917 928 929 318 319 331 332 
917 918 929 930 319 320 332 333 
918 919 930 931 320 321 333 334 
919 920 931 932 321 322 334 335 
920 220 932 221 322 323 335 336 
220 921 221 933 323 324 336 337 
921 922 933 934 324 325 337 338 
922 923 934 935 325 326 338 339 
923 924 935 936 326 327 339 340 
924 925 936 937 327 328 340 341 
925 926 937 938 328 329 341 342 
931 932 939 940 334 335 347 348 
932 221 940 222 335 336 348 349 
221 933 222 941 336 337 349 350 
933 934 941 942 337 338 350 351 
939 940 943 944 347 348 360 361 
940 222 944 223 348 349 361 362 
222 941 223 945 349 350 362 363 
941 942 945 946 350 351 363 364 
943 944 947 948 360 361 373 374 
944 223 948 224 361 362 374 375 
223 945 224 949 362 363 375 376 
945 946 949 950 363 364 376 377 
947 948 951 952 373 374 386 387 
948 224 952 225 374 375 387 388 
224 949 225 953 375 376 388 389 
949 950 953 954 376 377 389 390 
226 227 239 240 456 457 463 464 
227 228 240 241 457 458 464 1179 
228 229 241 242 1107 1108 1111 1112 
229 230 242 243 1035 1036 1039 1040 
230 231 243 244 955 956 959 960 
231 232 244 245 956 395 960 396 
232 233 245 246 395 957 396 961 
233 234 246 247 957 958 961 962 
234 235 247 248 1037 1038 1041 1042 
235 236 248 249 1109 1110 1113 1114 
236 237 249 250 460 461 1183 1184 
237 238 250 251 461 462 1184 465 
239 240 252 253 463 464 466 467 
240 241 253 254 464 1179 467 468 
241 242 254 255 1111 1112 1117 1118 
242 243 255 256 1039 1040 1043 1044 
243 244 256 257 959 960 963 964 
244 245 257 258 960 396 964 397 
245 246 258 259 396 961 397 965 
246 247 259 260 961 962 965 966 
247 248 260 261 1041 1042 1045 1046 
248 249 261 262 1113 1114 1120 1121 
249 250 262 263 1183 1184 470 471 
250 251 263 264 1184 465 471 472 
252 253 265 266 1115 1116 1124 1125 
253 254 266 267 1116 1117 1125 1126 
254 255 267 268 1117 1118 1126 1127 
255 256 268 269 1043 1044 1050 1051 
256 257 269 270 963 964 967 968 
257 258 270 271 964 397 968 398 
258 259 271 272 397 965 398 969 
259 260 272 273 965 966 969 970 
260 261 273 274 1045 1046 1052 1053 
261 262 274 275 1120 1121 1129 1130 
262 263 275 276 1121 1122 1130 1131 
263 264 276 277 1122 1123 1131 1132 
265 266 278 279 1047 1048 1057 1058 
266 267 279 280 1048 1049 1058 1059 
267 268 280 281 1049 1050 1059 1060 
268 269 281 282 1050 1051 1060 1061 
269 270 282 283 967 968 975 976 
270 271 283 284 968 398 976 399 
271 272 284 285 398 969 399 977 
272 273 285 286 969 970 977 978 
273 274 286 287 1052 1053 1062 1063 
274 275 287 288 1053 1054 1063 1064 
275 276 288 289 1054 1055 1064 1065 
276 277 289 290 1055 1056 1065 1066 
278 279 291 292 971 972 983 984 
279 280 292 293 972 973 984 985 
280 281 293 294 973 974 985 986 
281 282 294 295 974 975 986 987 
282 283 295 296 975 976 987 988 
283 284 296 297 976 399 988 400 
284 285 297 298 399 977 400 989 
285 286 298 299 977 978 989 990 
286 287 299 300 978 979 990 991 
287 288 300 301 979 980 991 992 
288 289 301 302 980 981 992 993 
289 290 302 303 981 982 993 994 
291 292 304 305 983 984 401 402 
292 293 305 306 984 985 402 403 
293 294 306 307 985 986 403 404 
294 295 307 308 986 987 404 405 
295 296 308 309 987 988 405 406 
296 297 309 310 988 400 406 407 
297 298 310 311 400 989 407 408 
298 299 311 312 989 990 408 409 
299 300 312 313 990 991 409 410 
300 301 313 314 991 992 410 411 
301 302 314 315 992 993 411 412 
302 303 315 316 993 994 412 413 
304 305 317 318 401 402 995 996 
305 306 318 319 402 403 996 997 
306 307 319 320 403 404 997 998 
307 308 320 321 404 405 998 999 
308 309 321 322 405 406 999 1000 
309 310 322 323 406 407 1000 414 
310 311 323 324 407 408 414 1001 
311 312 324 325 408 409 1001 1002 
312 313 325 326 409 410 1002 1003 
313 314 326 327 410 411 1003 1004 
314 315 327 328 411 412 1004 1005 
315 316 328 329 412 413 1005 1006 
317 318 330 331 995 996 1007 1008 
318 319 331 332 996 997 1008 1009 
319 320 332 333 997 998 1009 1010 
320 321 333 334 998 999 1010 1011 
321 322 334 335 999 1000 1011 1012 
322 323 335 336 1000 414 1012 415 
323 324 336 337 414 1001 415 1013 
324 325 337 338 1001 1002 1013 1014 
325 326 338 339 1002 1003 1014 1015 
326 327 339 340 1003 1004 1015 1016 
327 328 340 341 1004 1005 1016 1017 
328 329 341 342 1005 1006 1017 1018 
330 331 343 344 1075 1076 1085 1086 
331 332 344 345 1076 1077 1086 1087 
332 333 345 346 1077 1078 1087 1088 
333 334 346 347 1078 1079 1088 1089 
334 335 347 348 1011 1012 1019 1020 
335 336 348 349 1012 415 1020 416 
336 337 349 350 415 1013 416 1021 
337 338 350 351 1013 1014 1021 1022 
338 339 351 352 1080 1081 1090 1091 
339 340 352 353 1081 1082 1091 1092 
340 341 353 354 1082 1083 1092 1093 
341 342 354 355 1083 1084 1093 1094 
343 344 356 357 1151 1152 1160 1161 
344 345 357 358 1152 1153 1161 1162 
345 346 358 359 1153 1154 1162 1163 
346 347 359 360 1088 1089 1095 1096 
347 348 360 361 1019 1020 1023 1024 
348 349 361 362 1020 416 1024 417 
349 350 362 363 416 1021 417 1025 
350 351 363 364 1021 1022 1025 1026 
351 352 364 365 1090 1091 1097 1098 
352 353 365 366 1156 1157 1165 1166 
353 354 366 367 1157 1158 1166 1167 
354 355 367 368 1158 1159 1167 1168 
356 357 369 370 490 1219 496 1222 
357 358 370 371 1219 491 1222 497 
358 359 371 372 1162 1163 1169 1170 
359 360 372 373 1095 1096 1099 1100 
360 361 373 374 1023 1024 1027 1028 
361 362 374 375 1024 417 1028 418 
362 363 375 376 417 1025 418 1029 
363 364 376 377 1025 1026 1029 1030 
364 365 377 378 1097 1098 1101 1102 
365 366 378 379 1165 1166 1171 1172 
366 367 379 380 493 494 499 500 
367 368 380 381 494 495 500 501 
369 370 382 383 496 1222 502 503 
370 371 383 384 1222 497 503 504 
371 372 384 385 1169 1170 1173 1174 
372 373 385 386 1099 1100 1103 1104 
373 374 386 387 1027 1028 1031 1032 
374 375 387 388 1028 418 1032 419 
375 376 388 389 418 1029 419 1033 
376 377 389 390 1029 1030 1033 1034 
377 378 390 391 1101 1102 1105 1106 
378 379 391 392 1171 1172 1175 1176 
379 380 392 393 499 500 506 507 
380 381 393 394 500 501 507 508 
955 395 959 396 1036 420 1040 421 
395 958 396 962 420 1037 421 1041 
959 396 963 397 1040 421 1044 422 
396 962 397 966 421 1041 422 1045 
963 397 967 398 1044 422 1051 423 
397 966 398 970 422 1045 423 1052 
967 398 975 399 1051 423 1061 424 
398 970 399 978 423 1052 424 1062 
971 972 401 402 1057 1058 426 427 
972 973 402 403 1058 1059 427 428 
973 974 403 404 1059 1060 428 429 
974 975 404 405 1060 1061 429 430 
975 399 987 400 1061 424 1067 425 
399 978 400 990 424 1062 425 1070 
978 979 409 410 1062 1063 434 435 
979 980 410 411 1063 1064 435 436 
980 981 411 412 1064 1065 436 437 
981 982 412 413 1065 1066 437 438 
987 988 405 406 1067 1068 430 431 
988 400 406 407 1068 425 431 432 
400 989 407 408 425 1069 432 433 
989 990 408 409 1069 1070 433 434 
401 402 1007 1008 426 427 1075 1076 
402 403 1008 1009 427 428 1076 1077 
403 404 1009 1010 428 429 1077 1078 
404 405 1010 1011 429 430 1078 1079 
405 406 999 1000 430 431 1071 1072 
406 407 1000 414 431 432 1072 439 
407 408 414 1001 432 433 439 1073 
408 409 1001 1002 433 434 1073 1074 
409 410 1014 1015 434 435 1080 1081 
410 411 1015 1016 435 436 1081 1082 
411 412 1016 1017 436 437 1082 1083 
412 413 1017 1018 437 438 1083 1084 
999 414 1011 415 1071 439 1079 440 
414 1002 415 1014 439 1074 440 1080 
1011 415 1019 416 1079 440 1089 441 
415 1014 416 1022 440 1080 441 1090 
1019 416 1023 417 1089 441 1096 442 
416 1022 417 1026 441 1090 442 1097 
1023 417 1027 418 1096 442 1100 443 
417 1026 418 1030 442 1097 443 1101 
1027 418 1031 419 1100 443 1104 444 
418 1030 419 1034 443 1101 444 1105 
1035 420 1039 421 1177 459 1180 1181 
420 1038 421 1042 459 1178 1181 1182 
1039 421 1043 422 1180 1181 1185 469 
421 1042 422 1046 1181 1182 469 1186 
1043 422 1050 423 1118 1119 1127 1128 
422 1046 423 1053 1119 1120 1128 1129 
1047 1048 426 427 1187 1188 475 476 
1048 1049 427 428 1188 1189 476 477 
1049 1050 428 429 1126 1127 1141 447 
1050 423 1060 424 1127 1128 1133 445 
423 1053 424 1063 1128 1129 445 1136 
1053 1054 435 436 1129 1130 453 1142 
1054 1055 436 437 1192 1193 485 486 
1055 1056 437 438 1193 1194 486 487 
1060 1061 429 430 1133 1134 447 448 
1061 424 1067 425 1134 445 1137 446 
424 1062 425 1070 445 1135 446 1140 
1062 1063 434 435 1135 1136 452 453 
1067 1068 430 431 1137 1138 448 449 
1068 425 431 432 1138 446 449 450 
425 1069 432 433 446 1139 450 451 
1069 1070 433 434 1139 1140 451 452 
426 427 1085 1086 475 476 1211 1212 
427 428 1086 1087 476 477 1212 1213 
428 429 1087 1088 1141 447 1153 1154 
429 430 1078 1079 447 448 1147 1148 
430 431 1071 1072 448 449 1143 1144 
431 432 1072 439 449 450 1144 454 
432 433 439 1073 450 451 454 1145 
433 434 1073 1074 451 452 1145 1146 
434 435 1080 1081 452 453 1149 1150 
435 436 1091 1092 453 1142 1156 1157 
436 437 1092 1093 485 486 1216 1217 
437 438 1093 1094 486 487 1217 1218 
1071 439 1079 440 1143 454 1148 455 
439 1074 440 1080 454 1146 455 1149 
1078 440 1088 441 1147 455 1154 1155 
440 1081 441 1091 455 1150 1155 1156 
1088 441 1095 442 1154 1155 1163 1164 
441 1091 442 1098 1155 1156 1164 1165 
1095 442 1099 443 1220 492 1223 498 
442 1098 443 1102 492 1221 498 1224 
1099 443 1103 444 1223 498 1225 505 
443 1102 444 1106 498 1224 505 1226 
1107 1108 1111 1112 458 1177 1179 1180 
1109 1110 1113 1114 1178 460 1182 1183 
1111 1112 1117 1118 1179 1180 468 1185 
1113 1114 1120 1121 1182 1183 1186 470 
1115 1116 1124 1125 466 467 1187 1188 
1116 1117 1125 1126 467 468 1188 1189 
1117 1118 1126 1127 468 1185 1189 1190 
1118 1119 1133 445 1185 469 1195 473 
1119 1120 445 1136 469 1186 473 1198 
1120 1121 1129 1130 1186 470 1191 1192 
1121 1122 1130 1131 470 471 1192 1193 
1122 1123 1131 1132 471 472 1193 1194 
1126 1127 1141 447 1189 1190 477 478 
1129 1130 453 1142 1191 1192 484 485 
1133 1134 447 448 1195 1196 478 479 
1134 445 1137 446 1196 473 1199 474 
445 1135 446 1140 473 1197 474 1202 
1135 1136 452 453 1197 1198 483 484 
1137 1138 448 449 1199 1200 479 480 
1138 446 449 450 1200 474 480 481 
446 1139 450 451 474 1201 481 482 
1139 1140 451 452 1201 1202 482 483 
1141 447 1153 1154 477 478 1213 1214 
447 448 1147 1148 478 479 1207 1208 
448 449 1143 1144 479 480 1203 1204 
449 450 1144 454 480 481 1204 488 
450 451 454 1145 481 482 488 1205 
451 452 1145 1146 482 483 1205 1206 
452 453 1149 1150 483 484 1209 1210 
453 1142 1156 1157 484 485 1215 1216 
1143 454 1148 455 1203 488 1208 489 
454 1146 455 1149 488 1206 489 1209 
1147 455 1163 1164 1207 489 1220 492 
455 1150 1164 1165 489 1210 492 1221 
1151 1152 1160 1161 1211 1212 490 1219 
1152 1153 1161 1162 1212 1213 1219 491 
1153 1154 1162 1163 1213 1214 491 1220 
1156 1157 1165 1166 1215 1216 1221 493 
1157 1158 1166 1167 1216 1217 493 494 
1158 1159 1167 1168 1217 1218 494 495 
1162 1163 1169 1170 491 1220 497 1223 
1165 1166 1171 1172 1221 493 1224 499 
1169 1170 1173 1174 497 1223 504 1225 
1171 1172 1175 1176 1224 499 1226 506 
456 457 463 464 509 510 516 517 
457 458 464 1179 510 511 517 1227 
458 459 468 469 511 512 521 522 
459 460 469 470 512 513 522 523 
460 461 470 471 513 514 523 524 
461 462 1184 465 514 515 1230 518 
463 464 466 467 516 517 519 520 
464 1179 467 468 517 1227 520 521 
1184 465 471 472 1230 518 524 525 
466 467 475 476 519 520 528 529 
467 468 476 477 520 521 529 530 
468 1185 1189 1190 521 1231 1233 1234 
1185 469 1195 473 1231 522 1237 526 
469 1186 473 1198 522 1232 526 1240 
1186 470 1191 1192 1232 523 1235 1236 
470 471 485 486 523 524 538 539 
471 472 486 487 524 525 539 540 
1189 1190 477 478 1233 1234 530 531 
1191 1192 484 485 1235 1236 537 538 
1195 1196 478 479 1237 1238 531 532 
1196 473 1199 474 1238 526 1241 527 
473 1197 474 1202 526 1239 527 1244 
1197 1198 483 484 1239 1240 536 537 
1199 1200 479 480 1241 1242 532 533 
1200 474 480 481 1242 527 533 534 
474 1201 481 482 527 1243 534 535 
1201 1202 482 483 1243 1244 535 536 
475 476 490 1219 528 529 543 1257 
476 477 1219 491 529 530 1257 544 
477 478 1213 1214 530 531 1253 1254 
478 479 1207 1208 531 532 1249 1250 
479 480 1203 1204 532 533 1245 1246 
480 481 1204 488 533 534 1246 541 
481 482 488 1205 534 535 541 1247 
482 483 1205 1206 535 536 1247 1248 
483 484 1209 1210 536 537 1251 1252 
484 485 1215 1216 537 538 1255 1256 
485 486 493 494 538 539 546 547 
486 487 494 495 539 540 547 548 
1203 488 1208 489 1245 541 1250 542 
488 1206 489 1209 541 1248 542 1251 
1207 489 1220 492 1249 542 1258 545 
489 1210 492 1221 542 1252 545 1259 
1213 1214 491 1220 1253 1254 544 1258 
1215 1216 1221 493 1255 1256 1259 546 
490 491 496 497 543 544 549 550 
491 492 497 498 544 545 550 551 
492 493 498 499 545 546 551 552 
493 494 499 500 546 547 552 553 
494 495 500 501 547 548 553 554 
496 1222 502 503 549 1260 555 556 
1222 497 503 504 1260 550 556 557 
497 498 504 505 550 551 557 558 
498 499 505 506 551 552 558 559 
499 500 506 507 552 553 559 560 
500 501 507 508 553 554 560 561 
509 510 516 517 562 563 569 570 
510 511 517 1227 563 564 570 571 
511 512 1227 1228 564 565 571 572 
512 513 1228 1229 565 566 572 573 
513 514 1229 1230 566 567 573 574 
514 515 1230 518 567 568 574 575 
516 517 519 520 569 570 576 577 
517 1227 520 521 570 571 577 578 
1227 1228 521 522 571 572 578 579 
1228 1229 522 523 572 573 579 580 
1229 1230 523 524 573 574 580 581 
1230 518 524 525 574 575 581 582 
519 520 528 529 576 577 585 586 
520 521 529 530 577 578 586 587 
521 1231 1233 1234 578 1261 1263 1264 
1231 522 1237 526 1261 579 1267 583 
522 1232 526 1240 579 1262 583 1270 
1232 523 1235 1236 1262 580 1265 1266 
523 524 538 539 580 581 595 596 
524 525 539 540 581 582 596 597 
1233 1234 530 531 1263 1264 587 588 
1235 1236 537 538 1265 1266 594 595 
1237 1238 531 532 1267 1268 588 589 
1238 526 1241 527 1268 583 1271 584 
526 1239 527 1244 583 1269 584 1274 
1239 1240 536 537 1269 1270 593 594 
1241 1242 532 533 1271 1272 589 590 
1242 527 533 534 1272 584 590 591 
527 1243 534 535 584 1273 591 592 
1243 1244 535 536 1273 1274 592 593 
528 529 543 1257 585 586 600 601 
529 530 1257 544 586 587 601 602 
530 531 1253 1254 587 588 1283 1284 
531 532 1249 1250 588 589 1279 1280 
532 533 1245 1246 589 590 1275 1276 
533 534 1246 541 590 591 1276 598 
534 535 541 1247 591 592 598 1277 
535 536 1247 1248 592 593 1277 1278 
536 537 1251 1252 593 594 1281 1282 
537 538 1255 1256 594 595 1285 1286 
538 539 546 547 595 596 604 605 
539 540 547 548 596 597 605 606 
1245 541 1250 542 1275 598 1280 599 
541 1248 542 1251 598 1278 599 1281 
1249 542 1258 545 1279 599 1287 603 
542 1252 545 1259 599 1282 603 1288 
1253 1254 544 1258 1283 1284 602 1287 
1255 1256 1259 546 1285 1286 1288 604 
543 1257 549 1260 600 601 607 608 
1257 544 1260 550 601 602 608 609 
544 545 550 551 602 603 609 610 
545 546 551 552 603 604 610 611 
546 547 552 553 604 605 611 612 
547 548 553 554 605 606 612 613 
549 1260 555 556 607 608 614 615 
1260 550 556 557 608 609 615 616 
550 551 557 558 609 610 616 617 
551 552 558 559 610 611 617 618 
552 553 559 560 611 612 618 619 
553 554 560 561 612 613 619 620 
