621 16 0.532229 17 0.467771 
622 17 0.467771 18 0.532229 
623 16 0.532229 25 0.467771 
624 16 0.283268 17 0.248961 26 0.467771 
625 17 0.248961 18 0.283268 32 0.467771 
626 18 0.532229 33 0.467771 
627 16 0.13682 17 0.12025 26 0.742931 
628 16 0.0660847 17 0.0580812 21 0.516995 26 0.358839 
629 17 0.0580812 18 0.0660847 21 0.516995 32 0.358839 
630 17 0.12025 18 0.13682 32 0.742931 
631 16 0.0244758 17 0.0215116 21 0.191479 26 0.132904 27 0.62963 
632 16 0.00906511 17 0.00796725 21 0.0709183 22 0.62963 26 0.0492235 27 0.233196 
633 17 0.00796725 18 0.00906511 21 0.0709183 22 0.62963 31 0.233196 32 0.0492235 
634 17 0.0215116 18 0.0244758 21 0.191479 31 0.62963 32 0.132904 
635 26 0.132904 27 0.62963 37 0.191479 40 0.0244758 41 0.0215116 
636 26 0.0492235 27 0.233196 36 0.62963 37 0.0709183 40 0.00906511 41 0.00796725 
637 31 0.233196 32 0.0492235 36 0.62963 37 0.0709183 41 0.00796725 42 0.00906511 
638 31 0.62963 32 0.132904 37 0.191479 41 0.0215116 42 0.0244758 
639 26 0.742931 40 0.13682 41 0.12025 
640 26 0.358839 37 0.516995 40 0.0660847 41 0.0580812 
641 32 0.358839 37 0.516995 41 0.0580812 42 0.0660847 
642 32 0.742931 41 0.12025 42 0.13682 
643 25 0.467771 40 0.532229 
644 26 0.467771 40 0.283268 41 0.248961 
645 32 0.467771 41 0.248961 42 0.283268 
646 33 0.467771 42 0.532229 
647 40 0.532229 41 0.467771 
648 41 0.467771 42 0.532229 
649 75 0.532229 76 0.467771 
650 18 0.306631 76 0.467771 124 0.225598 
651 18 0.576126 124 0.423874 
652 19 0.576126 125 0.423874 
653 75 0.532229 82 0.467771 
654 75 0.283268 76 0.248961 83 0.467771 
655 18 0.163198 76 0.248961 89 0.467771 124 0.12007 
656 18 0.306631 33 0.269495 124 0.225598 139 0.198276 
657 75 0.13682 76 0.12025 83 0.742931 
658 75 0.0660847 76 0.0580812 78 0.516995 83 0.358839 
659 18 0.0380731 76 0.0580812 78 0.516995 89 0.358839 124 0.0280116 
660 18 0.0788254 76 0.12025 89 0.742931 124 0.0579943 
661 75 0.0244758 76 0.0215116 78 0.191479 83 0.132904 84 0.62963 
662 75 0.00906511 76 0.00796725 78 0.0709183 79 0.62963 83 0.0492235 84 0.233196 
663 18 0.00522265 76 0.00796725 78 0.0709183 79 0.62963 88 0.233196 89 0.0492235 124 0.00384247 
664 18 0.0141012 76 0.0215116 78 0.191479 88 0.62963 89 0.132904 124 0.0103747 
665 33 0.576126 139 0.423874 
666 34 0.576126 140 0.423874 
667 40 0.0141012 41 0.0123934 83 0.132904 84 0.62963 92 0.191479 146 0.0103747 147 0.00911819 
668 40 0.00522265 41 0.00459014 83 0.0492235 84 0.233196 91 0.62963 92 0.0709183 146 0.00384247 147 0.00337711 
669 41 0.00459014 42 0.00522265 88 0.233196 89 0.0492235 91 0.62963 92 0.0709183 147 0.00337711 148 0.00384247 
670 41 0.0123934 42 0.0141012 88 0.62963 89 0.132904 92 0.191479 147 0.00911819 148 0.0103747 
671 40 0.0788254 41 0.069279 83 0.742931 146 0.0579943 147 0.0509707 
672 40 0.0380731 41 0.0334621 83 0.358839 92 0.516995 146 0.0280116 147 0.0246191 
673 41 0.0334621 42 0.0380731 89 0.358839 92 0.516995 147 0.0246191 148 0.0280116 
674 41 0.069279 42 0.0788254 89 0.742931 147 0.0509707 148 0.0579943 
675 40 0.306631 82 0.467771 146 0.225598 
676 40 0.163198 41 0.143433 83 0.467771 146 0.12007 147 0.105528 
677 41 0.143433 42 0.163198 89 0.467771 147 0.105528 148 0.12007 
678 33 0.269495 42 0.306631 139 0.198276 148 0.225598 
679 40 0.576126 146 0.423874 
680 40 0.306631 41 0.269495 146 0.225598 147 0.198276 
681 41 0.576126 147 0.423874 
682 41 0.269495 42 0.306631 147 0.198276 148 0.225598 
683 42 0.576126 148 0.423874 
684 43 0.576126 149 0.423874 
685 47 0.576126 153 0.423874 
686 48 0.576126 154 0.423874 
687 49 0.576126 155 0.423874 
688 50 0.576126 156 0.423874 
689 108 0.532229 109 0.467771 
690 109 0.467771 110 0.532229 
691 115 0.532229 116 0.467771 
692 116 0.467771 117 0.532229 
693 122 0.532229 123 0.467771 
694 123 0.467771 124 0.532229 
695 120 0.532229 129 0.467771 
696 121 0.532229 130 0.467771 
697 122 0.532229 131 0.467771 
698 122 0.283268 123 0.248961 132 0.467771 
699 123 0.248961 124 0.283268 138 0.467771 
700 124 0.532229 139 0.467771 
701 125 0.532229 140 0.467771 
702 126 0.532229 141 0.467771 
703 122 0.13682 123 0.12025 132 0.742931 
704 122 0.0660847 123 0.0580812 127 0.516995 132 0.358839 
705 123 0.0580812 124 0.0660847 127 0.516995 138 0.358839 
706 123 0.12025 124 0.13682 138 0.742931 
707 122 0.0244758 123 0.0215116 127 0.191479 132 0.132904 133 0.62963 
708 122 0.00906511 123 0.00796725 127 0.0709183 128 0.62963 132 0.0492235 133 0.233196 
709 123 0.00796725 124 0.00906511 127 0.0709183 128 0.62963 137 0.233196 138 0.0492235 
710 123 0.0215116 124 0.0244758 127 0.191479 137 0.62963 138 0.132904 
711 132 0.132904 133 0.62963 143 0.191479 146 0.0244758 147 0.0215116 
712 132 0.0492235 133 0.233196 142 0.62963 143 0.0709183 146 0.00906511 147 0.00796725 
713 137 0.233196 138 0.0492235 142 0.62963 143 0.0709183 147 0.00796725 148 0.00906511 
714 137 0.62963 138 0.132904 143 0.191479 147 0.0215116 148 0.0244758 
715 132 0.742931 146 0.13682 147 0.12025 
716 132 0.358839 143 0.516995 146 0.0660847 147 0.0580812 
717 138 0.358839 143 0.516995 147 0.0580812 148 0.0660847 
718 138 0.742931 147 0.12025 148 0.13682 
719 129 0.467771 144 0.532229 
720 130 0.467771 145 0.532229 
721 131 0.467771 146 0.532229 
722 132 0.467771 146 0.283268 147 0.248961 
723 138 0.467771 147 0.248961 148 0.283268 
724 139 0.467771 148 0.532229 
725 140 0.467771 149 0.532229 
726 141 0.467771 150 0.532229 
727 146 0.532229 147 0.467771 
728 147 0.467771 148 0.532229 
729 153 0.532229 154 0.467771 
730 154 0.467771 155 0.532229 
731 160 0.532229 161 0.467771 
732 161 0.467771 162 0.532229 
733 108 0.532229 228 0.467771 
734 108 0.283268 109 0.248961 229 0.467771 
735 109 0.248961 110 0.283268 235 0.467771 
736 110 0.532229 236 0.467771 
737 115 0.532229 241 0.467771 
738 115 0.283268 116 0.248961 242 0.467771 
739 116 0.248961 117 0.283268 248 0.467771 
740 117 0.532229 249 0.467771 
741 120 0.532229 252 0.467771 
742 121 0.532229 253 0.467771 
743 122 0.532229 254 0.467771 
744 122 0.283268 123 0.248961 255 0.467771 
745 123 0.37037 178 0.62963 
746 123 0.248961 124 0.283268 261 0.467771 
747 124 0.532229 262 0.467771 
748 125 0.532229 263 0.467771 
749 126 0.532229 264 0.467771 
750 120 0.283268 129 0.248961 265 0.467771 
751 121 0.283268 130 0.248961 266 0.467771 
752 122 0.283268 131 0.248961 267 0.467771 
753 122 0.150763 123 0.132504 167 0.467771 255 0.248961 
754 123 0.137174 165 0.62963 178 0.233196 
755 123 0.132504 124 0.150763 173 0.467771 261 0.248961 
756 124 0.283268 139 0.248961 275 0.467771 
757 125 0.283268 140 0.248961 276 0.467771 
758 126 0.283268 141 0.248961 277 0.467771 
759 122 0.0728194 123 0.0640003 167 0.742931 255 0.12025 
760 122 0.0351722 123 0.0309125 165 0.516995 167 0.358839 255 0.0580812 
761 123 0.0309125 124 0.0351722 165 0.516995 173 0.358839 261 0.0580812 
762 123 0.0640003 124 0.0728194 173 0.742931 261 0.12025 
763 122 0.0130267 123 0.0114491 165 0.191479 167 0.132904 168 0.62963 255 0.0215116 
764 122 0.00482472 123 0.0042404 165 0.0709183 166 0.62963 167 0.0492235 168 0.233196 255 0.00796725 
765 123 0.0042404 124 0.00482472 165 0.0709183 166 0.62963 172 0.233196 173 0.0492235 261 0.00796725 
766 123 0.0114491 124 0.0130267 165 0.191479 172 0.62963 173 0.132904 261 0.0215116 
767 131 0.37037 184 0.62963 
768 139 0.37037 192 0.62963 
769 146 0.0130267 147 0.0114491 167 0.132904 168 0.62963 175 0.191479 359 0.0215116 
770 146 0.00482472 147 0.0042404 167 0.0492235 168 0.233196 174 0.62963 175 0.0709183 359 0.00796725 
771 147 0.0042404 148 0.00482472 172 0.233196 173 0.0492235 174 0.62963 175 0.0709183 365 0.00796725 
772 147 0.0114491 148 0.0130267 172 0.62963 173 0.132904 175 0.191479 365 0.0215116 
773 146 0.0728194 147 0.0640003 167 0.742931 359 0.12025 
774 146 0.0351722 147 0.0309125 167 0.358839 175 0.516995 359 0.0580812 
775 147 0.0309125 148 0.0351722 173 0.358839 175 0.516995 365 0.0580812 
776 147 0.0640003 148 0.0728194 173 0.742931 365 0.12025 
777 129 0.248961 144 0.283268 343 0.467771 
778 130 0.248961 145 0.283268 344 0.467771 
779 131 0.248961 146 0.283268 345 0.467771 
780 146 0.150763 147 0.132504 167 0.467771 359 0.248961 
781 147 0.137174 175 0.62963 198 0.233196 
782 147 0.132504 148 0.150763 173 0.467771 365 0.248961 
783 139 0.248961 148 0.283268 353 0.467771 
784 140 0.248961 149 0.283268 354 0.467771 
785 141 0.248961 150 0.283268 355 0.467771 
786 144 0.532229 356 0.467771 
787 145 0.532229 357 0.467771 
788 146 0.532229 358 0.467771 
789 146 0.283268 147 0.248961 359 0.467771 
790 147 0.37037 198 0.62963 
791 147 0.248961 148 0.283268 365 0.467771 
792 148 0.532229 366 0.467771 
793 149 0.532229 367 0.467771 
794 150 0.532229 368 0.467771 
795 153 0.532229 371 0.467771 
796 153 0.283268 154 0.248961 372 0.467771 
797 154 0.248961 155 0.283268 378 0.467771 
798 155 0.532229 379 0.467771 
799 160 0.532229 384 0.467771 
800 160 0.283268 161 0.248961 385 0.467771 
801 161 0.248961 162 0.283268 391 0.467771 
802 162 0.532229 392 0.467771 
803 108 0.13682 109 0.12025 229 0.742931 
804 108 0.0660847 109 0.0580812 176 0.516995 229 0.358839 
805 109 0.0580812 110 0.0660847 176 0.516995 235 0.358839 
806 109 0.12025 110 0.13682 235 0.742931 
807 115 0.13682 116 0.12025 242 0.742931 
808 115 0.0660847 116 0.0580812 177 0.516995 242 0.358839 
809 116 0.0580812 117 0.0660847 177 0.516995 248 0.358839 
810 116 0.12025 117 0.13682 248 0.742931 
811 122 0.13682 123 0.12025 255 0.742931 
812 122 0.0660847 123 0.0580812 178 0.516995 255 0.358839 
813 123 0.0580812 124 0.0660847 178 0.516995 261 0.358839 
814 123 0.12025 124 0.13682 261 0.742931 
815 120 0.13682 129 0.12025 265 0.742931 
816 121 0.13682 130 0.12025 266 0.742931 
817 122 0.13682 131 0.12025 267 0.742931 
818 122 0.0728194 123 0.0640003 167 0.225936 255 0.12025 268 0.516995 
819 122 0.0351722 123 0.0309125 167 0.109128 179 0.516995 255 0.0580812 268 0.249711 
820 123 0.0309125 124 0.0351722 173 0.109128 179 0.516995 261 0.0580812 274 0.249711 
821 123 0.0640003 124 0.0728194 173 0.225936 261 0.12025 274 0.516995 
822 124 0.13682 139 0.12025 275 0.742931 
823 125 0.13682 140 0.12025 276 0.742931 
824 126 0.13682 141 0.12025 277 0.742931 
825 120 0.0660847 129 0.0580812 182 0.516995 265 0.358839 
826 121 0.0660847 130 0.0580812 183 0.516995 266 0.358839 
827 122 0.0660847 131 0.0580812 184 0.516995 267 0.358839 
828 122 0.0351722 123 0.0309125 167 0.109128 185 0.516995 255 0.0580812 268 0.249711 
829 122 0.0169883 123 0.0149309 167 0.0527095 180 0.516995 185 0.249711 255 0.0280535 268 0.120612 
830 123 0.0149309 124 0.0169883 173 0.0527095 180 0.516995 191 0.249711 261 0.0280535 274 0.120612 
831 123 0.0309125 124 0.0351722 173 0.109128 191 0.516995 261 0.0580812 274 0.249711 
832 124 0.0660847 139 0.0580812 192 0.516995 275 0.358839 
833 125 0.0660847 140 0.0580812 193 0.516995 276 0.358839 
834 126 0.0660847 141 0.0580812 194 0.516995 277 0.358839 
835 122 0.00629198 123 0.00552997 167 0.0195221 180 0.191479 185 0.0924856 186 0.62963 255 0.0103902 268 0.0446711 
836 122 0.00233036 123 0.00204814 167 0.00723039 180 0.0709183 181 0.62963 185 0.0342539 186 0.233196 255 0.00384822 268 0.0165448 
837 123 0.00204814 124 0.00233036 173 0.00723039 180 0.0709183 181 0.62963 190 0.233196 191 0.0342539 261 0.00384822 274 0.0165448 
838 123 0.00552997 124 0.00629198 173 0.0195221 180 0.191479 190 0.62963 191 0.0924856 261 0.0103902 274 0.0446711 
839 146 0.00629198 147 0.00552997 167 0.0195221 185 0.0924856 186 0.62963 196 0.191479 346 0.0446711 359 0.0103902 
840 146 0.00233036 147 0.00204814 167 0.00723039 185 0.0342539 186 0.233196 195 0.62963 196 0.0709183 346 0.0165448 359 0.00384822 
841 147 0.00204814 148 0.00233036 173 0.00723039 190 0.233196 191 0.0342539 195 0.62963 196 0.0709183 352 0.0165448 365 0.00384822 
842 147 0.00552997 148 0.00629198 173 0.0195221 190 0.62963 191 0.0924856 196 0.191479 352 0.0446711 365 0.0103902 
843 129 0.0580812 144 0.0660847 182 0.516995 343 0.358839 
844 130 0.0580812 145 0.0660847 183 0.516995 344 0.358839 
845 131 0.0580812 146 0.0660847 184 0.516995 345 0.358839 
846 146 0.0351722 147 0.0309125 167 0.109128 185 0.516995 346 0.249711 359 0.0580812 
847 146 0.0169883 147 0.0149309 167 0.0527095 185 0.249711 196 0.516995 346 0.120612 359 0.0280535 
848 147 0.0149309 148 0.0169883 173 0.0527095 191 0.249711 196 0.516995 352 0.120612 365 0.0280535 
849 147 0.0309125 148 0.0351722 173 0.109128 191 0.516995 352 0.249711 365 0.0580812 
850 139 0.0580812 148 0.0660847 192 0.516995 353 0.358839 
851 140 0.0580812 149 0.0660847 193 0.516995 354 0.358839 
852 141 0.0580812 150 0.0660847 194 0.516995 355 0.358839 
853 129 0.12025 144 0.13682 343 0.742931 
854 130 0.12025 145 0.13682 344 0.742931 
855 131 0.12025 146 0.13682 345 0.742931 
856 146 0.0728194 147 0.0640003 167 0.225936 346 0.516995 359 0.12025 
857 146 0.0351722 147 0.0309125 167 0.109128 197 0.516995 346 0.249711 359 0.0580812 
858 147 0.0309125 148 0.0351722 173 0.109128 197 0.516995 352 0.249711 365 0.0580812 
859 147 0.0640003 148 0.0728194 173 0.225936 352 0.516995 365 0.12025 
860 139 0.12025 148 0.13682 353 0.742931 
861 140 0.12025 149 0.13682 354 0.742931 
862 141 0.12025 150 0.13682 355 0.742931 
863 146 0.13682 147 0.12025 359 0.742931 
864 146 0.0660847 147 0.0580812 198 0.516995 359 0.358839 
865 147 0.0580812 148 0.0660847 198 0.516995 365 0.358839 
866 147 0.12025 148 0.13682 365 0.742931 
867 153 0.13682 154 0.12025 372 0.742931 
868 153 0.0660847 154 0.0580812 199 0.516995 372 0.358839 
869 154 0.0580812 155 0.0660847 199 0.516995 378 0.358839 
870 154 0.12025 155 0.13682 378 0.742931 
871 160 0.13682 161 0.12025 385 0.742931 
872 160 0.0660847 161 0.0580812 200 0.516995 385 0.358839 
873 161 0.0580812 162 0.0660847 200 0.516995 391 0.358839 
874 161 0.12025 162 0.13682 391 0.742931 
875 108 0.0244758 109 0.0215116 176 0.191479 229 0.132904 230 0.62963 
876 108 0.00906511 109 0.00796725 176 0.0709183 201 0.62963 229 0.0492235 230 0.233196 
877 109 0.00796725 110 0.00906511 176 0.0709183 201 0.62963 234 0.233196 235 0.0492235 
878 109 0.0215116 110 0.0244758 176 0.191479 234 0.62963 235 0.132904 
879 115 0.0244758 116 0.0215116 177 0.191479 242 0.132904 243 0.62963 
880 115 0.00906511 116 0.00796725 177 0.0709183 202 0.62963 242 0.0492235 243 0.233196 
881 116 0.00796725 117 0.00906511 177 0.0709183 202 0.62963 247 0.233196 248 0.0492235 
882 116 0.0215116 117 0.0244758 177 0.191479 247 0.62963 248 0.132904 
883 122 0.0244758 123 0.0215116 178 0.191479 255 0.132904 256 0.62963 
884 122 0.00906511 123 0.00796725 178 0.0709183 203 0.62963 255 0.0492235 256 0.233196 
885 123 0.00796725 124 0.00906511 178 0.0709183 203 0.62963 260 0.233196 261 0.0492235 
886 123 0.0215116 124 0.0244758 178 0.191479 260 0.62963 261 0.132904 
887 122 0.0130267 123 0.0114491 167 0.0404179 179 0.191479 255 0.0215116 268 0.0924856 269 0.62963 
888 122 0.00482472 123 0.0042404 167 0.0149696 179 0.0709183 204 0.62963 255 0.00796725 268 0.0342539 269 0.233196 
889 123 0.0042404 124 0.00482472 173 0.0149696 179 0.0709183 204 0.62963 261 0.00796725 273 0.233196 274 0.0342539 
890 123 0.0114491 124 0.0130267 173 0.0404179 179 0.191479 261 0.0215116 273 0.62963 274 0.0924856 
891 120 0.0244758 129 0.0215116 182 0.191479 265 0.132904 278 0.62963 
892 121 0.0244758 130 0.0215116 183 0.191479 266 0.132904 279 0.62963 
893 122 0.0244758 131 0.0215116 184 0.191479 267 0.132904 280 0.62963 
894 122 0.0130267 123 0.0114491 167 0.0404179 185 0.191479 255 0.0215116 268 0.0924856 281 0.62963 
895 122 0.00629198 123 0.00552997 167 0.0195221 180 0.191479 185 0.0924856 255 0.0103902 268 0.0446711 282 0.62963 
896 122 0.00233036 123 0.00204814 167 0.00723039 180 0.0709183 185 0.0342539 205 0.62963 255 0.00384822 268 0.0165448 282 0.233196 
897 123 0.00204814 124 0.00233036 173 0.00723039 180 0.0709183 191 0.0342539 205 0.62963 261 0.00384822 274 0.0165448 286 0.233196 
898 123 0.00552997 124 0.00629198 173 0.0195221 180 0.191479 191 0.0924856 261 0.0103902 274 0.0446711 286 0.62963 
899 123 0.0114491 124 0.0130267 173 0.0404179 191 0.191479 261 0.0215116 274 0.0924856 287 0.62963 
900 124 0.0244758 139 0.0215116 192 0.191479 275 0.132904 288 0.62963 
901 125 0.0244758 140 0.0215116 193 0.191479 276 0.132904 289 0.62963 
902 126 0.0244758 141 0.0215116 194 0.191479 277 0.132904 290 0.62963 
903 120 0.00906511 129 0.00796725 182 0.0709183 207 0.62963 265 0.0492235 278 0.233196 
904 121 0.00906511 130 0.00796725 183 0.0709183 208 0.62963 266 0.0492235 279 0.233196 
905 122 0.00906511 131 0.00796725 184 0.0709183 209 0.62963 267 0.0492235 280 0.233196 
906 122 0.00482472 123 0.0042404 167 0.0149696 185 0.0709183 210 0.62963 255 0.00796725 268 0.0342539 281 0.233196 
907 122 0.00233036 123 0.00204814 167 0.00723039 180 0.0709183 185 0.0342539 211 0.62963 255 0.00384822 268 0.0165448 282 0.233196 
908 122 0.000863098 123 0.000758569 167 0.00267792 180 0.026266 185 0.0126866 206 0.62963 211 0.233196 255 0.00142527 268 0.00612772 282 0.0863689 
909 123 0.000758569 124 0.000863098 173 0.00267792 180 0.026266 191 0.0126866 206 0.62963 215 0.233196 261 0.00142527 274 0.00612772 286 0.0863689 
910 123 0.00204814 124 0.00233036 173 0.00723039 180 0.0709183 191 0.0342539 215 0.62963 261 0.00384822 274 0.0165448 286 0.233196 
911 123 0.0042404 124 0.00482472 173 0.0149696 191 0.0709183 216 0.62963 261 0.00796725 274 0.0342539 287 0.233196 
912 124 0.00906511 139 0.00796725 192 0.0709183 217 0.62963 275 0.0492235 288 0.233196 
913 125 0.00906511 140 0.00796725 193 0.0709183 218 0.62963 276 0.0492235 289 0.233196 
914 126 0.00906511 141 0.00796725 194 0.0709183 219 0.62963 277 0.0492235 290 0.233196 
915 129 0.00796725 144 0.00906511 182 0.0709183 207 0.62963 330 0.233196 343 0.0492235 
916 130 0.00796725 145 0.00906511 183 0.0709183 208 0.62963 331 0.233196 344 0.0492235 
917 131 0.00796725 146 0.00906511 184 0.0709183 209 0.62963 332 0.233196 345 0.0492235 
918 146 0.00482472 147 0.0042404 167 0.0149696 185 0.0709183 210 0.62963 333 0.233196 346 0.0342539 359 0.00796725 
919 146 0.00233036 147 0.00204814 167 0.00723039 185 0.0342539 196 0.0709183 211 0.62963 334 0.233196 346 0.0165448 359 0.00384822 
920 146 0.000863098 147 0.000758569 167 0.00267792 185 0.0126866 196 0.026266 211 0.233196 220 0.62963 334 0.0863689 346 0.00612772 359 0.00142527 
921 147 0.000758569 148 0.000863098 173 0.00267792 191 0.0126866 196 0.026266 215 0.233196 220 0.62963 338 0.0863689 352 0.00612772 365 0.00142527 
922 147 0.00204814 148 0.00233036 173 0.00723039 191 0.0342539 196 0.0709183 215 0.62963 338 0.233196 352 0.0165448 365 0.00384822 
923 147 0.0042404 148 0.00482472 173 0.0149696 191 0.0709183 216 0.62963 339 0.233196 352 0.0342539 365 0.00796725 
924 139 0.00796725 148 0.00906511 192 0.0709183 217 0.62963 340 0.233196 353 0.0492235 
925 140 0.00796725 149 0.00906511 193 0.0709183 218 0.62963 341 0.233196 354 0.0492235 
926 141 0.00796725 150 0.00906511 194 0.0709183 219 0.62963 342 0.233196 355 0.0492235 
927 129 0.0215116 144 0.0244758 182 0.191479 330 0.62963 343 0.132904 
928 130 0.0215116 145 0.0244758 183 0.191479 331 0.62963 344 0.132904 
929 131 0.0215116 146 0.0244758 184 0.191479 332 0.62963 345 0.132904 
930 146 0.0130267 147 0.0114491 167 0.0404179 185 0.191479 333 0.62963 346 0.0924856 359 0.0215116 
931 146 0.00629198 147 0.00552997 167 0.0195221 185 0.0924856 196 0.191479 334 0.62963 346 0.0446711 359 0.0103902 
932 146 0.00233036 147 0.00204814 167 0.00723039 185 0.0342539 196 0.0709183 221 0.62963 334 0.233196 346 0.0165448 359 0.00384822 
933 147 0.00204814 148 0.00233036 173 0.00723039 191 0.0342539 196 0.0709183 221 0.62963 338 0.233196 352 0.0165448 365 0.00384822 
934 147 0.00552997 148 0.00629198 173 0.0195221 191 0.0924856 196 0.191479 338 0.62963 352 0.0446711 365 0.0103902 
935 147 0.0114491 148 0.0130267 173 0.0404179 191 0.191479 339 0.62963 352 0.0924856 365 0.0215116 
936 139 0.0215116 148 0.0244758 192 0.191479 340 0.62963 353 0.132904 
937 140 0.0215116 149 0.0244758 193 0.191479 341 0.62963 354 0.132904 
938 141 0.0215116 150 0.0244758 194 0.191479 342 0.62963 355 0.132904 
939 146 0.0130267 147 0.0114491 167 0.0404179 197 0.191479 346 0.0924856 347 0.62963 359 0.0215116 
940 146 0.00482472 147 0.0042404 167 0.0149696 197 0.0709183 222 0.62963 346 0.0342539 347 0.233196 359 0.00796725 
941 147 0.0042404 148 0.00482472 173 0.0149696 197 0.0709183 222 0.62963 351 0.233196 352 0.0342539 365 0.00796725 
942 147 0.0114491 148 0.0130267 173 0.0404179 197 0.191479 351 0.62963 352 0.0924856 365 0.0215116 
943 146 0.0244758 147 0.0215116 198 0.191479 359 0.132904 360 0.62963 
944 146 0.00906511 147 0.00796725 198 0.0709183 223 0.62963 359 0.0492235 360 0.233196 
945 147 0.00796725 148 0.00906511 198 0.0709183 223 0.62963 364 0.233196 365 0.0492235 
946 147 0.0215116 148 0.0244758 198 0.191479 364 0.62963 365 0.132904 
947 153 0.0244758 154 0.0215116 199 0.191479 372 0.132904 373 0.62963 
948 153 0.00906511 154 0.00796725 199 0.0709183 224 0.62963 372 0.0492235 373 0.233196 
949 154 0.00796725 155 0.00906511 199 0.0709183 224 0.62963 377 0.233196 378 0.0492235 
950 154 0.0215116 155 0.0244758 199 0.191479 377 0.62963 378 0.132904 
951 160 0.0244758 161 0.0215116 200 0.191479 385 0.132904 386 0.62963 
952 160 0.00906511 161 0.00796725 200 0.0709183 225 0.62963 385 0.0492235 386 0.233196 
953 161 0.00796725 162 0.00906511 200 0.0709183 225 0.62963 390 0.233196 391 0.0492235 
954 161 0.0215116 162 0.0244758 200 0.191479 390 0.62963 391 0.132904 
955 229 0.132904 230 0.62963 420 0.191479 458 0.0244758 459 0.0215116 
956 229 0.0492235 230 0.233196 395 0.62963 420 0.0709183 458 0.00906511 459 0.00796725 
957 234 0.233196 235 0.0492235 395 0.62963 420 0.0709183 459 0.00796725 460 0.00906511 
958 234 0.62963 235 0.132904 420 0.191479 459 0.0215116 460 0.0244758 
959 242 0.132904 243 0.62963 421 0.191479 458 0.0141012 459 0.0123934 468 0.0103747 469 0.00911819 
960 242 0.0492235 243 0.233196 396 0.62963 421 0.0709183 458 0.00522265 459 0.00459014 468 0.00384247 469 0.00337711 
961 247 0.233196 248 0.0492235 396 0.62963 421 0.0709183 459 0.00459014 460 0.00522265 469 0.00337711 470 0.00384247 
962 247 0.62963 248 0.132904 421 0.191479 459 0.0123934 460 0.0141012 469 0.00911819 470 0.0103747 
963 255 0.132904 256 0.62963 422 0.191479 468 0.0244758 469 0.0215116 
964 255 0.0492235 256 0.233196 397 0.62963 422 0.0709183 468 0.00906511 469 0.00796725 
965 260 0.233196 261 0.0492235 397 0.62963 422 0.0709183 469 0.00796725 470 0.00906511 
966 260 0.62963 261 0.132904 422 0.191479 469 0.0215116 470 0.0244758 
967 255 0.0215116 268 0.0924856 269 0.62963 423 0.191479 447 0.0404179 468 0.0130267 469 0.0114491 
968 255 0.00796725 268 0.0342539 269 0.233196 398 0.62963 423 0.0709183 447 0.0149696 468 0.00482472 469 0.0042404 
969 261 0.00796725 273 0.233196 274 0.0342539 398 0.62963 423 0.0709183 453 0.0149696 469 0.0042404 470 0.00482472 
970 261 0.0215116 273 0.62963 274 0.0924856 423 0.191479 453 0.0404179 469 0.0114491 470 0.0130267 
971 265 0.132904 278 0.62963 426 0.191479 466 0.0244758 475 0.0215116 
972 266 0.132904 279 0.62963 427 0.191479 467 0.0244758 476 0.0215116 
973 267 0.132904 280 0.62963 428 0.191479 468 0.0244758 477 0.0215116 
974 255 0.0215116 268 0.0924856 281 0.62963 429 0.191479 447 0.0404179 468 0.0130267 469 0.0114491 
975 255 0.0103902 268 0.0446711 282 0.62963 424 0.191479 429 0.0924856 447 0.0195221 468 0.00629198 469 0.00552997 
976 255 0.00384822 268 0.0165448 282 0.233196 399 0.62963 424 0.0709183 429 0.0342539 447 0.00723039 468 0.00233036 469 0.00204814 
977 261 0.00384822 274 0.0165448 286 0.233196 399 0.62963 424 0.0709183 435 0.0342539 453 0.00723039 469 0.00204814 470 0.00233036 
978 261 0.0103902 274 0.0446711 286 0.62963 424 0.191479 435 0.0924856 453 0.0195221 469 0.00552997 470 0.00629198 
979 261 0.0215116 274 0.0924856 287 0.62963 435 0.191479 453 0.0404179 469 0.0114491 470 0.0130267 
980 275 0.132904 288 0.62963 436 0.191479 470 0.0244758 485 0.0215116 
981 276 0.132904 289 0.62963 437 0.191479 471 0.0244758 486 0.0215116 
982 277 0.132904 290 0.62963 438 0.191479 472 0.0244758 487 0.0215116 
983 265 0.0492235 278 0.233196 401 0.62963 426 0.0709183 466 0.00906511 475 0.00796725 
984 266 0.0492235 279 0.233196 402 0.62963 427 0.0709183 467 0.00906511 476 0.00796725 
985 267 0.0492235 280 0.233196 403 0.62963 428 0.0709183 468 0.00906511 477 0.00796725 
986 255 0.00796725 268 0.0342539 281 0.233196 404 0.62963 429 0.0709183 447 0.0149696 468 0.00482472 469 0.0042404 
987 255 0.00384822 268 0.0165448 282 0.233196 405 0.62963 424 0.0709183 429 0.0342539 447 0.00723039 468 0.00233036 469 0.00204814 
988 255 0.00142527 268 0.00612772 282 0.0863689 400 0.62963 405 0.233196 424 0.026266 429 0.0126866 447 0.00267792 468 0.000863098 469 0.000758569 
989 261 0.00142527 274 0.00612772 286 0.0863689 400 0.62963 409 0.233196 424 0.026266 435 0.0126866 453 0.00267792 469 0.000758569 470 0.000863098 
990 261 0.00384822 274 0.0165448 286 0.233196 409 0.62963 424 0.0709183 435 0.0342539 453 0.00723039 469 0.00204814 470 0.00233036 
991 261 0.00796725 274 0.0342539 287 0.233196 410 0.62963 435 0.0709183 453 0.0149696 469 0.0042404 470 0.00482472 
992 275 0.0492235 288 0.233196 411 0.62963 436 0.0709183 470 0.00906511 485 0.00796725 
993 276 0.0492235 289 0.233196 412 0.62963 437 0.0709183 471 0.00906511 486 0.00796725 
994 277 0.0492235 290 0.233196 413 0.62963 438 0.0709183 472 0.00906511 487 0.00796725 
995 330 0.233196 343 0.0492235 401 0.62963 426 0.0709183 475 0.00796725 490 0.00906511 
996 331 0.233196 344 0.0492235 402 0.62963 427 0.0709183 476 0.00796725 490 0.00522265 491 0.00384247 
997 332 0.233196 345 0.0492235 403 0.62963 428 0.0709183 477 0.00796725 491 0.00906511 
998 333 0.233196 346 0.0342539 359 0.00796725 404 0.62963 429 0.0709183 447 0.0149696 491 0.00482472 492 0.0042404 
999 334 0.233196 346 0.0165448 359 0.00384822 405 0.62963 429 0.0342539 440 0.0709183 447 0.00723039 491 0.00233036 492 0.00204814 
1000 334 0.0863689 346 0.00612772 359 0.00142527 405 0.233196 414 0.62963 429 0.0126866 440 0.026266 447 0.00267792 491 0.000863098 492 0.000758569 
1001 338 0.0863689 352 0.00612772 365 0.00142527 409 0.233196 414 0.62963 435 0.0126866 440 0.026266 453 0.00267792 492 0.000758569 493 0.000863098 
1002 338 0.233196 352 0.0165448 365 0.00384822 409 0.62963 435 0.0342539 440 0.0709183 453 0.00723039 492 0.00204814 493 0.00233036 
1003 339 0.233196 352 0.0342539 365 0.00796725 410 0.62963 435 0.0709183 453 0.0149696 492 0.0042404 493 0.00482472 
1004 340 0.233196 353 0.0492235 411 0.62963 436 0.0709183 485 0.00796725 493 0.00906511 
1005 341 0.233196 354 0.0492235 412 0.62963 437 0.0709183 486 0.00796725 494 0.00906511 
1006 342 0.233196 355 0.0492235 413 0.62963 438 0.0709183 487 0.00796725 495 0.00906511 
1007 330 0.62963 343 0.132904 426 0.191479 475 0.0215116 490 0.0244758 
1008 331 0.62963 344 0.132904 427 0.191479 476 0.0215116 490 0.0141012 491 0.0103747 
1009 332 0.62963 345 0.132904 428 0.191479 477 0.0215116 491 0.0244758 
1010 333 0.62963 346 0.0924856 359 0.0215116 429 0.191479 447 0.0404179 491 0.0130267 492 0.0114491 
1011 334 0.62963 346 0.0446711 359 0.0103902 429 0.0924856 440 0.191479 447 0.0195221 491 0.00629198 492 0.00552997 
1012 334 0.233196 346 0.0165448 359 0.00384822 415 0.62963 429 0.0342539 440 0.0709183 447 0.00723039 491 0.00233036 492 0.00204814 
1013 338 0.233196 352 0.0165448 365 0.00384822 415 0.62963 435 0.0342539 440 0.0709183 453 0.00723039 492 0.00204814 493 0.00233036 
1014 338 0.62963 352 0.0446711 365 0.0103902 435 0.0924856 440 0.191479 453 0.0195221 492 0.00552997 493 0.00629198 
1015 339 0.62963 352 0.0924856 365 0.0215116 435 0.191479 453 0.0404179 492 0.0114491 493 0.0130267 
1016 340 0.62963 353 0.132904 436 0.191479 485 0.0215116 493 0.0244758 
1017 341 0.62963 354 0.132904 437 0.191479 486 0.0215116 494 0.0244758 
1018 342 0.62963 355 0.132904 438 0.191479 487 0.0215116 495 0.0244758 
1019 346 0.0924856 347 0.62963 359 0.0215116 441 0.191479 447 0.0404179 491 0.0130267 492 0.0114491 
1020 346 0.0342539 347 0.233196 359 0.00796725 416 0.62963 441 0.0709183 447 0.0149696 491 0.00482472 492 0.0042404 
1021 351 0.233196 352 0.0342539 365 0.00796725 416 0.62963 441 0.0709183 453 0.0149696 492 0.0042404 493 0.00482472 
1022 351 0.62963 352 0.0924856 365 0.0215116 441 0.191479 453 0.0404179 492 0.0114491 493 0.0130267 
1023 359 0.132904 360 0.62963 442 0.191479 491 0.0244758 492 0.0215116 
1024 359 0.0492235 360 0.233196 417 0.62963 442 0.0709183 491 0.00906511 492 0.00796725 
1025 364 0.233196 365 0.0492235 417 0.62963 442 0.0709183 492 0.00796725 493 0.00906511 
1026 364 0.62963 365 0.132904 442 0.191479 492 0.0215116 493 0.0244758 
1027 372 0.132904 373 0.62963 443 0.191479 497 0.0244758 498 0.0215116 
1028 372 0.0492235 373 0.233196 418 0.62963 443 0.0709183 497 0.00906511 498 0.00796725 
1029 377 0.233196 378 0.0492235 418 0.62963 443 0.0709183 498 0.00796725 499 0.00906511 
1030 377 0.62963 378 0.132904 443 0.191479 498 0.0215116 499 0.0244758 
1031 385 0.132904 386 0.62963 444 0.191479 504 0.0244758 505 0.0215116 
1032 385 0.0492235 386 0.233196 419 0.62963 444 0.0709183 504 0.00906511 505 0.00796725 
1033 390 0.233196 391 0.0492235 419 0.62963 444 0.0709183 505 0.00796725 506 0.00906511 
1034 390 0.62963 391 0.132904 444 0.191479 505 0.0215116 506 0.0244758 
1035 229 0.742931 458 0.13682 459 0.12025 
1036 229 0.358839 420 0.516995 458 0.0660847 459 0.0580812 
1037 235 0.358839 420 0.516995 459 0.0580812 460 0.0660847 
1038 235 0.742931 459 0.12025 460 0.13682 
1039 242 0.742931 458 0.0788254 459 0.069279 468 0.0579943 469 0.0509707 
1040 242 0.358839 421 0.516995 458 0.0380731 459 0.0334621 468 0.0280116 469 0.0246191 
1041 248 0.358839 421 0.516995 459 0.0334621 460 0.0380731 469 0.0246191 470 0.0280116 
1042 248 0.742931 459 0.069279 460 0.0788254 469 0.0509707 470 0.0579943 
1043 255 0.742931 468 0.13682 469 0.12025 
1044 255 0.358839 422 0.516995 468 0.0660847 469 0.0580812 
1045 261 0.358839 422 0.516995 469 0.0580812 470 0.0660847 
1046 261 0.742931 469 0.12025 470 0.13682 
1047 265 0.742931 466 0.13682 475 0.12025 
1048 266 0.742931 467 0.13682 476 0.12025 
1049 267 0.742931 468 0.13682 477 0.12025 
1050 255 0.12025 268 0.516995 447 0.225936 468 0.0728194 469 0.0640003 
1051 255 0.0580812 268 0.249711 423 0.516995 447 0.109128 468 0.0351722 469 0.0309125 
1052 261 0.0580812 274 0.249711 423 0.516995 453 0.109128 469 0.0309125 470 0.0351722 
1053 261 0.12025 274 0.516995 453 0.225936 469 0.0640003 470 0.0728194 
1054 275 0.742931 470 0.13682 485 0.12025 
1055 276 0.742931 471 0.13682 486 0.12025 
1056 277 0.742931 472 0.13682 487 0.12025 
1057 265 0.358839 426 0.516995 466 0.0660847 475 0.0580812 
1058 266 0.358839 427 0.516995 467 0.0660847 476 0.0580812 
1059 267 0.358839 428 0.516995 468 0.0660847 477 0.0580812 
1060 255 0.0580812 268 0.249711 429 0.516995 447 0.109128 468 0.0351722 469 0.0309125 
1061 255 0.0280535 268 0.120612 424 0.516995 429 0.249711 447 0.0527095 468 0.0169883 469 0.0149309 
1062 261 0.0280535 274 0.120612 424 0.516995 435 0.249711 453 0.0527095 469 0.0149309 470 0.0169883 
1063 261 0.0580812 274 0.249711 435 0.516995 453 0.109128 469 0.0309125 470 0.0351722 
1064 275 0.358839 436 0.516995 470 0.0660847 485 0.0580812 
1065 276 0.358839 437 0.516995 471 0.0660847 486 0.0580812 
1066 277 0.358839 438 0.516995 472 0.0660847 487 0.0580812 
1067 255 0.0103902 268 0.0446711 424 0.191479 429 0.0924856 430 0.62963 447 0.0195221 468 0.00629198 469 0.00552997 
1068 255 0.00384822 268 0.0165448 424 0.0709183 425 0.62963 429 0.0342539 430 0.233196 447 0.00723039 468 0.00233036 469 0.00204814 
1069 261 0.00384822 274 0.0165448 424 0.0709183 425 0.62963 434 0.233196 435 0.0342539 453 0.00723039 469 0.00204814 470 0.00233036 
1070 261 0.0103902 274 0.0446711 424 0.191479 434 0.62963 435 0.0924856 453 0.0195221 469 0.00552997 470 0.00629198 
1071 346 0.0446711 359 0.0103902 429 0.0924856 430 0.62963 440 0.191479 447 0.0195221 491 0.00629198 492 0.00552997 
1072 346 0.0165448 359 0.00384822 429 0.0342539 430 0.233196 439 0.62963 440 0.0709183 447 0.00723039 491 0.00233036 492 0.00204814 
1073 352 0.0165448 365 0.00384822 434 0.233196 435 0.0342539 439 0.62963 440 0.0709183 453 0.00723039 492 0.00204814 493 0.00233036 
1074 352 0.0446711 365 0.0103902 434 0.62963 435 0.0924856 440 0.191479 453 0.0195221 492 0.00552997 493 0.00629198 
1075 343 0.358839 426 0.516995 475 0.0580812 490 0.0660847 
1076 344 0.358839 427 0.516995 476 0.0580812 490 0.0380731 491 0.0280116 
1077 345 0.358839 428 0.516995 477 0.0580812 491 0.0660847 
1078 346 0.249711 359 0.0580812 429 0.516995 447 0.109128 491 0.0351722 492 0.0309125 
1079 346 0.120612 359 0.0280535 429 0.249711 440 0.516995 447 0.0527095 491 0.0169883 492 0.0149309 
1080 352 0.120612 365 0.0280535 435 0.249711 440 0.516995 453 0.0527095 492 0.0149309 493 0.0169883 
1081 352 0.249711 365 0.0580812 435 0.516995 453 0.109128 492 0.0309125 493 0.0351722 
1082 353 0.358839 436 0.516995 485 0.0580812 493 0.0660847 
1083 354 0.358839 437 0.516995 486 0.0580812 494 0.0660847 
1084 355 0.358839 438 0.516995 487 0.0580812 495 0.0660847 
1085 343 0.742931 475 0.12025 490 0.13682 
1086 344 0.742931 476 0.12025 490 0.0788254 491 0.0579943 
1087 345 0.742931 477 0.12025 491 0.13682 
1088 346 0.516995 359 0.12025 447 0.225936 491 0.0728194 492 0.0640003 
1089 346 0.249711 359 0.0580812 441 0.516995 447 0.109128 491 0.0351722 492 0.0309125 
1090 352 0.249711 365 0.0580812 441 0.516995 453 0.109128 492 0.0309125 493 0.0351722 
1091 352 0.516995 365 0.12025 453 0.225936 492 0.0640003 493 0.0728194 
1092 353 0.742931 485 0.12025 493 0.13682 
1093 354 0.742931 486 0.12025 494 0.13682 
1094 355 0.742931 487 0.12025 495 0.13682 
1095 359 0.742931 491 0.13682 492 0.12025 
1096 359 0.358839 442 0.516995 491 0.0660847 492 0.0580812 
1097 365 0.358839 442 0.516995 492 0.0580812 493 0.0660847 
1098 365 0.742931 492 0.12025 493 0.13682 
1099 372 0.742931 497 0.13682 498 0.12025 
1100 372 0.358839 443 0.516995 497 0.0660847 498 0.0580812 
1101 378 0.358839 443 0.516995 498 0.0580812 499 0.0660847 
1102 378 0.742931 498 0.12025 499 0.13682 
1103 385 0.742931 504 0.13682 505 0.12025 
1104 385 0.358839 444 0.516995 504 0.0660847 505 0.0580812 
1105 391 0.358839 444 0.516995 505 0.0580812 506 0.0660847 
1106 391 0.742931 505 0.12025 506 0.13682 
1107 228 0.467771 458 0.532229 
1108 229 0.467771 458 0.283268 459 0.248961 
1109 235 0.467771 459 0.248961 460 0.283268 
1110 236 0.467771 460 0.532229 
1111 241 0.467771 458 0.306631 468 0.225598 
1112 242 0.467771 458 0.163198 459 0.143433 468 0.12007 469 0.105528 
1113 248 0.467771 459 0.143433 460 0.163198 469 0.105528 470 0.12007 
1114 249 0.467771 460 0.306631 470 0.225598 
1115 252 0.467771 466 0.532229 
1116 253 0.467771 467 0.532229 
1117 254 0.467771 468 0.532229 
1118 255 0.467771 468 0.283268 469 0.248961 
1119 422 0.62963 469 0.37037 
1120 261 0.467771 469 0.248961 470 0.283268 
1121 262 0.467771 470 0.532229 
1122 263 0.467771 471 0.532229 
1123 264 0.467771 472 0.532229 
1124 265 0.467771 466 0.283268 475 0.248961 
1125 266 0.467771 467 0.283268 476 0.248961 
1126 267 0.467771 468 0.283268 477 0.248961 
1127 255 0.248961 447 0.467771 468 0.150763 469 0.132504 
1128 422 0.233196 445 0.62963 469 0.137174 
1129 261 0.248961 453 0.467771 469 0.132504 470 0.150763 
1130 275 0.467771 470 0.283268 485 0.248961 
1131 276 0.467771 471 0.283268 486 0.248961 
1132 277 0.467771 472 0.283268 487 0.248961 
1133 255 0.12025 447 0.742931 468 0.0728194 469 0.0640003 
1134 255 0.0580812 445 0.516995 447 0.358839 468 0.0351722 469 0.0309125 
1135 261 0.0580812 445 0.516995 453 0.358839 469 0.0309125 470 0.0351722 
1136 261 0.12025 453 0.742931 469 0.0640003 470 0.0728194 
1137 255 0.0215116 445 0.191479 447 0.132904 448 0.62963 468 0.0130267 469 0.0114491 
1138 255 0.00796725 445 0.0709183 446 0.62963 447 0.0492235 448 0.233196 468 0.00482472 469 0.0042404 
1139 261 0.00796725 445 0.0709183 446 0.62963 452 0.233196 453 0.0492235 469 0.0042404 470 0.00482472 
1140 261 0.0215116 445 0.191479 452 0.62963 453 0.132904 469 0.0114491 470 0.0130267 
1141 428 0.62963 477 0.37037 
1142 436 0.62963 485 0.37037 
1143 359 0.0215116 447 0.132904 448 0.62963 455 0.191479 491 0.0130267 492 0.0114491 
1144 359 0.00796725 447 0.0492235 448 0.233196 454 0.62963 455 0.0709183 491 0.00482472 492 0.0042404 
1145 365 0.00796725 452 0.233196 453 0.0492235 454 0.62963 455 0.0709183 492 0.0042404 493 0.00482472 
1146 365 0.0215116 452 0.62963 453 0.132904 455 0.191479 492 0.0114491 493 0.0130267 
1147 359 0.12025 447 0.742931 491 0.0728194 492 0.0640003 
1148 359 0.0580812 447 0.358839 455 0.516995 491 0.0351722 492 0.0309125 
1149 365 0.0580812 453 0.358839 455 0.516995 492 0.0309125 493 0.0351722 
1150 365 0.12025 453 0.742931 492 0.0640003 493 0.0728194 
1151 343 0.467771 475 0.248961 490 0.283268 
1152 344 0.467771 476 0.248961 490 0.163198 491 0.12007 
1153 345 0.467771 477 0.248961 491 0.283268 
1154 359 0.248961 447 0.467771 491 0.150763 492 0.132504 
1155 442 0.233196 455 0.62963 492 0.137174 
1156 365 0.248961 453 0.467771 492 0.132504 493 0.150763 
1157 353 0.467771 485 0.248961 493 0.283268 
1158 354 0.467771 486 0.248961 494 0.283268 
1159 355 0.467771 487 0.248961 495 0.283268 
1160 356 0.467771 490 0.532229 
1161 357 0.467771 490 0.306631 491 0.225598 
1162 358 0.467771 491 0.532229 
1163 359 0.467771 491 0.283268 492 0.248961 
1164 442 0.62963 492 0.37037 
1165 365 0.467771 492 0.248961 493 0.283268 
1166 366 0.467771 493 0.532229 
1167 367 0.467771 494 0.532229 
1168 368 0.467771 495 0.532229 
1169 371 0.467771 497 0.532229 
1170 372 0.467771 497 0.283268 498 0.248961 
1171 378 0.467771 498 0.248961 499 0.283268 
1172 379 0.467771 499 0.532229 
1173 384 0.467771 504 0.532229 
1174 385 0.467771 504 0.283268 505 0.248961 
1175 391 0.467771 505 0.248961 506 0.283268 
1176 392 0.467771 506 0.532229 
1177 458 0.532229 459 0.467771 
1178 459 0.467771 460 0.532229 
1179 458 0.576126 468 0.423874 
1180 458 0.306631 459 0.269495 468 0.225598 469 0.198276 
1181 459 0.576126 469 0.423874 
1182 459 0.269495 460 0.306631 469 0.198276 470 0.225598 
1183 460 0.576126 470 0.423874 
1184 461 0.576126 471 0.423874 
1185 468 0.532229 469 0.467771 
1186 469 0.467771 470 0.532229 
1187 466 0.532229 475 0.467771 
1188 467 0.532229 476 0.467771 
1189 468 0.532229 477 0.467771 
1190 468 0.283268 469 0.248961 478 0.467771 
1191 469 0.248961 470 0.283268 484 0.467771 
1192 470 0.532229 485 0.467771 
1193 471 0.532229 486 0.467771 
1194 472 0.532229 487 0.467771 
1195 468 0.13682 469 0.12025 478 0.742931 
1196 468 0.0660847 469 0.0580812 473 0.516995 478 0.358839 
1197 469 0.0580812 470 0.0660847 473 0.516995 484 0.358839 
1198 469 0.12025 470 0.13682 484 0.742931 
1199 468 0.0244758 469 0.0215116 473 0.191479 478 0.132904 479 0.62963 
1200 468 0.00906511 469 0.00796725 473 0.0709183 474 0.62963 478 0.0492235 479 0.233196 
1201 469 0.00796725 470 0.00906511 473 0.0709183 474 0.62963 483 0.233196 484 0.0492235 
1202 469 0.0215116 470 0.0244758 473 0.191479 483 0.62963 484 0.132904 
1203 478 0.132904 479 0.62963 489 0.191479 491 0.0244758 492 0.0215116 
1204 478 0.0492235 479 0.233196 488 0.62963 489 0.0709183 491 0.00906511 492 0.00796725 
1205 483 0.233196 484 0.0492235 488 0.62963 489 0.0709183 492 0.00796725 493 0.00906511 
1206 483 0.62963 484 0.132904 489 0.191479 492 0.0215116 493 0.0244758 
1207 478 0.742931 491 0.13682 492 0.12025 
1208 478 0.358839 489 0.516995 491 0.0660847 492 0.0580812 
1209 484 0.358839 489 0.516995 492 0.0580812 493 0.0660847 
1210 484 0.742931 492 0.12025 493 0.13682 
1211 475 0.467771 490 0.532229 
1212 476 0.467771 490 0.306631 491 0.225598 
1213 477 0.467771 491 0.532229 
1214 478 0.467771 491 0.283268 492 0.248961 
1215 484 0.467771 492 0.248961 493 0.283268 
1216 485 0.467771 493 0.532229 
1217 486 0.467771 494 0.532229 
1218 487 0.467771 495 0.532229 
1219 490 0.576126 491 0.423874 
1220 491 0.532229 492 0.467771 
1221 492 0.467771 493 0.532229 
1222 496 0.576126 497 0.423874 
1223 497 0.532229 498 0.467771 
1224 498 0.467771 499 0.532229 
1225 504 0.532229 505 0.467771 
1226 505 0.467771 506 0.532229 
1227 511 0.576126 521 0.423874 
1228 512 0.576126 522 0.423874 
1229 513 0.576126 523 0.423874 
1230 514 0.576126 524 0.423874 
1231 521 0.532229 522 0.467771 
1232 522 0.467771 523 0.532229 
1233 521 0.532229 530 0.467771 
1234 521 0.283268 522 0.248961 531 0.467771 
1235 522 0.248961 523 0.283268 537 0.467771 
1236 523 0.532229 538 0.467771 
1237 521 0.13682 522 0.12025 531 0.742931 
1238 521 0.0660847 522 0.0580812 526 0.516995 531 0.358839 
1239 522 0.0580812 523 0.0660847 526 0.516995 537 0.358839 
1240 522 0.12025 523 0.13682 537 0.742931 
1241 521 0.0244758 522 0.0215116 526 0.191479 531 0.132904 532 0.62963 
1242 521 0.00906511 522 0.00796725 526 0.0709183 527 0.62963 531 0.0492235 532 0.233196 
1243 522 0.00796725 523 0.00906511 526 0.0709183 527 0.62963 536 0.233196 537 0.0492235 
1244 522 0.0215116 523 0.0244758 526 0.191479 536 0.62963 537 0.132904 
1245 531 0.132904 532 0.62963 542 0.191479 544 0.0244758 545 0.0215116 
1246 531 0.0492235 532 0.233196 541 0.62963 542 0.0709183 544 0.00906511 545 0.00796725 
1247 536 0.233196 537 0.0492235 541 0.62963 542 0.0709183 545 0.00796725 546 0.00906511 
1248 536 0.62963 537 0.132904 542 0.191479 545 0.0215116 546 0.0244758 
1249 531 0.742931 544 0.13682 545 0.12025 
1250 531 0.358839 542 0.516995 544 0.0660847 545 0.0580812 
1251 537 0.358839 542 0.516995 545 0.0580812 546 0.0660847 
1252 537 0.742931 545 0.12025 546 0.13682 
1253 530 0.467771 544 0.532229 
1254 531 0.467771 544 0.283268 545 0.248961 
1255 537 0.467771 545 0.248961 546 0.283268 
1256 538 0.467771 546 0.532229 
1257 543 0.576126 544 0.423874 
1258 544 0.532229 545 0.467771 
1259 545 0.467771 546 0.532229 
1260 549 0.576126 550 0.423874 
1261 578 0.532229 579 0.467771 
1262 579 0.467771 580 0.532229 
1263 578 0.532229 587 0.467771 
1264 578 0.283268 579 0.248961 588 0.467771 
1265 579 0.248961 580 0.283268 594 0.467771 
1266 580 0.532229 595 0.467771 
1267 578 0.13682 579 0.12025 588 0.742931 
1268 578 0.0660847 579 0.0580812 583 0.516995 588 0.358839 
1269 579 0.0580812 580 0.0660847 583 0.516995 594 0.358839 
1270 579 0.12025 580 0.13682 594 0.742931 
1271 578 0.0244758 579 0.0215116 583 0.191479 588 0.132904 589 0.62963 
1272 578 0.00906511 579 0.00796725 583 0.0709183 584 0.62963 588 0.0492235 589 0.233196 
1273 579 0.00796725 580 0.00906511 583 0.0709183 584 0.62963 593 0.233196 594 0.0492235 
1274 579 0.0215116 580 0.0244758 583 0.191479 593 0.62963 594 0.132904 
1275 588 0.132904 589 0.62963 599 0.191479 602 0.0244758 603 0.0215116 
1276 588 0.0492235 589 0.233196 598 0.62963 599 0.0709183 602 0.00906511 603 0.00796725 
1277 593 0.233196 594 0.0492235 598 0.62963 599 0.0709183 603 0.00796725 604 0.00906511 
1278 593 0.62963 594 0.132904 599 0.191479 603 0.0215116 604 0.0244758 
1279 588 0.742931 602 0.13682 603 0.12025 
1280 588 0.358839 599 0.516995 602 0.0660847 603 0.0580812 
1281 594 0.358839 599 0.516995 603 0.0580812 604 0.0660847 
1282 594 0.742931 603 0.12025 604 0.13682 
1283 587 0.467771 602 0.532229 
1284 588 0.467771 602 0.283268 603 0.248961 
1285 594 0.467771 603 0.248961 604 0.283268 
1286 595 0.467771 604 0.532229 
1287 602 0.532229 603 0.467771 
1288 603 0.467771 604 0.532229 

T
0 2 4 6 9 12 14 17 21 25 28 33 39 45 50 55 61 67 72 75 79 83 86 88 91 94 96 98 100 102 105 107 109 111 114 118 122 125 129 134 138 143 149 156 162 164 166 173 181 189 196 201 207 213 218 221 226 231 235 237 241 243 247 249 251 253 255 257 259 261 263 265 267 269 271 273 275 277 280 283 285 287 289 292 296 300 303 308 314 320 325 330 336 342 347 350 354 358 361 363 365 367 370 373 375 377 379 381 383 385 387 389 391 393 396 399 401 403 406 409 411 413 415 417 420 422 425 427 429 431 434 437 440 444 447 451 454 457 460 464 469 474 478 484 491 498 504 506 508 514 521 528 534 538 543 548 552 555 558 561 565 568 572 575 578 581 583 585 587 590 592 595 597 599 601 603 606 609 611 613 616 619 621 624 628 632 635 638 642 646 649 652 656 660 663 666 669 672 677 683 689 694 697 700 703 707 711 715 721 728 735 741 745 749 753 761 770 779 787 795 804 813 821 825 829 833 839 846 853 859 863 867 871 874 877 880 885 891 897 902 905 908 911 914 918 922 925 928 932 936 939 942 946 950 953 958 964 970 975 980 986 992 997 1002 1008 1014 1019 1026 1034 1042 1049 1054 1059 1064 1071 1079 1088 1097 1105 1112 1117 1122 1127 1133 1139 1145 1153 1162 1172 1182 1191 1199 1205 1211 1217 1223 1229 1235 1243 1252 1262 1272 1281 1289 1295 1301 1307 1312 1317 1322 1329 1337 1346 1355 1363 1370 1375 1380 1385 1392 1400 1408 1415 1420 1426 1432 1437 1442 1448 1454 1459 1464 1470 1476 1481 1486 1492 1498 1503 1510 1518 1526 1533 1538 1544 1550 1555 1562 1570 1578 1585 1590 1595 1600 1607 1615 1624 1633 1641 1648 1653 1658 1663 1669 1675 1681 1689 1698 1708 1718 1727 1735 1741 1747 1753 1759 1766 1772 1780 1789 1799 1809 1818 1826 1832 1838 1844 1849 1855 1860 1867 1875 1884 1893 1901 1908 1913 1918 1923 1930 1938 1946 1953 1958 1964 1970 1975 1980 1986 1992 1997 2002 2008 2014 2019 2022 2026 2030 2033 2038 2044 2050 2055 2058 2062 2066 2069 2072 2075 2078 2083 2089 2095 2100 2103 2106 2109 2113 2117 2121 2127 2134 2141 2147 2151 2155 2159 2167 2176 2185 2193 2201 2210 2219 2227 2231 2236 2240 2246 2253 2260 2266 2270 2274 2278 2281 2285 2288 2293 2299 2305 2310 2313 2316 2319 2322 2326 2330 2333 2336 2340 2344 2347 2350 2354 2358 2361 2363 2366 2369 2371 2374 2379 2384 2387 2389 2391 2393 2396 2398 2401 2403 2405 2407 2410 2413 2416 2420 2423 2427 2430 2433 2436 2440 2445 2450 2454 2460 2467 2474 2480 2482 2484 2490 2497 2504 2510 2514 2519 2524 2528 2531 2535 2538 2542 2545 2549 2552 2555 2558 2560 2563 2565 2568 2570 2573 2575 2577 2579 2581 2584 2587 2589 2591 2594 2597 2599 2601 2603 2605 2609 2611 2615 2617 2619 2621 2623 2625 2627 2629 2632 2635 2637 2639 2641 2644 2648 2652 2655 2660 2666 2672 2677 2682 2688 2694 2699 2702 2706 2710 2713 2715 2718 2720 2723 2726 2728 2730 2732 2734 2736 2738 2740 2742 2744 2746 2748 2750 2752 2754 2756 2758 2760 2762 2765 2768 2770 2773 2777 2781 2784 2789 2795 2801 2806 2811 2817 2823 2828 2831 2835 2839 2842 2844 2847 2850 2852 2854 2856 2858 2860 2862 2864 2866 2869 2872 2874 2877 2881 2885 2888 2893 2899 2905 2910 2915 2921 2927 2932 2935 2939 2943 2946 2948 2951 2954 2956 2958 2960 
16 17 17 18 16 25 16 17 26 17 18 32 18 33 16 17 26 16 17 21 26 17 18 21 32 17 18 32 16 17 21 26 27 16 17 21 22 26 27 17 18 21 22 31 32 17 18 21 31 32 26 27 37 40 41 26 27 36 37 40 41 31 32 36 37 41 42 31 32 37 41 42 26 40 41 26 37 40 41 32 37 41 42 32 41 42 25 40 26 40 41 32 41 42 33 42 40 41 41 42 75 76 18 76 124 18 124 19 125 75 82 75 76 83 18 76 89 124 18 33 124 139 75 76 83 75 76 78 83 18 76 78 89 124 18 76 89 124 75 76 78 83 84 75 76 78 79 83 84 18 76 78 79 88 89 124 18 76 78 88 89 124 33 139 34 140 40 41 83 84 92 146 147 40 41 83 84 91 92 146 147 41 42 88 89 91 92 147 148 41 42 88 89 92 147 148 40 41 83 146 147 40 41 83 92 146 147 41 42 89 92 147 148 41 42 89 147 148 40 82 146 40 41 83 146 147 41 42 89 147 148 33 42 139 148 40 146 40 41 146 147 41 147 41 42 147 148 42 148 43 149 47 153 48 154 49 155 50 156 108 109 109 110 115 116 116 117 122 123 123 124 120 129 121 130 122 131 122 123 132 123 124 138 124 139 125 140 126 141 122 123 132 122 123 127 132 123 124 127 138 123 124 138 122 123 127 132 133 122 123 127 128 132 133 123 124 127 128 137 138 123 124 127 137 138 132 133 143 146 147 132 133 142 143 146 147 137 138 142 143 147 148 137 138 143 147 148 132 146 147 132 143 146 147 138 143 147 148 138 147 148 129 144 130 145 131 146 132 146 147 138 147 148 139 148 140 149 141 150 146 147 147 148 153 154 154 155 160 161 161 162 108 228 108 109 229 109 110 235 110 236 115 241 115 116 242 116 117 248 117 249 120 252 121 253 122 254 122 123 255 123 178 123 124 261 124 262 125 263 126 264 120 129 265 121 130 266 122 131 267 122 123 167 255 123 165 178 123 124 173 261 124 139 275 125 140 276 126 141 277 122 123 167 255 122 123 165 167 255 123 124 165 173 261 123 124 173 261 122 123 165 167 168 255 122 123 165 166 167 168 255 123 124 165 166 172 173 261 123 124 165 172 173 261 131 184 139 192 146 147 167 168 175 359 146 147 167 168 174 175 359 147 148 172 173 174 175 365 147 148 172 173 175 365 146 147 167 359 146 147 167 175 359 147 148 173 175 365 147 148 173 365 129 144 343 130 145 344 131 146 345 146 147 167 359 147 175 198 147 148 173 365 139 148 353 140 149 354 141 150 355 144 356 145 357 146 358 146 147 359 147 198 147 148 365 148 366 149 367 150 368 153 371 153 154 372 154 155 378 155 379 160 384 160 161 385 161 162 391 162 392 108 109 229 108 109 176 229 109 110 176 235 109 110 235 115 116 242 115 116 177 242 116 117 177 248 116 117 248 122 123 255 122 123 178 255 123 124 178 261 123 124 261 120 129 265 121 130 266 122 131 267 122 123 167 255 268 122 123 167 179 255 268 123 124 173 179 261 274 123 124 173 261 274 124 139 275 125 140 276 126 141 277 120 129 182 265 121 130 183 266 122 131 184 267 122 123 167 185 255 268 122 123 167 180 185 255 268 123 124 173 180 191 261 274 123 124 173 191 261 274 124 139 192 275 125 140 193 276 126 141 194 277 122 123 167 180 185 186 255 268 122 123 167 180 181 185 186 255 268 123 124 173 180 181 190 191 261 274 123 124 173 180 190 191 261 274 146 147 167 185 186 196 346 359 146 147 167 185 186 195 196 346 359 147 148 173 190 191 195 196 352 365 147 148 173 190 191 196 352 365 129 144 182 343 130 145 183 344 131 146 184 345 146 147 167 185 346 359 146 147 167 185 196 346 359 147 148 173 191 196 352 365 147 148 173 191 352 365 139 148 192 353 140 149 193 354 141 150 194 355 129 144 343 130 145 344 131 146 345 146 147 167 346 359 146 147 167 197 346 359 147 148 173 197 352 365 147 148 173 352 365 139 148 353 140 149 354 141 150 355 146 147 359 146 147 198 359 147 148 198 365 147 148 365 153 154 372 153 154 199 372 154 155 199 378 154 155 378 160 161 385 160 161 200 385 161 162 200 391 161 162 391 108 109 176 229 230 108 109 176 201 229 230 109 110 176 201 234 235 109 110 176 234 235 115 116 177 242 243 115 116 177 202 242 243 116 117 177 202 247 248 116 117 177 247 248 122 123 178 255 256 122 123 178 203 255 256 123 124 178 203 260 261 123 124 178 260 261 122 123 167 179 255 268 269 122 123 167 179 204 255 268 269 123 124 173 179 204 261 273 274 123 124 173 179 261 273 274 120 129 182 265 278 121 130 183 266 279 122 131 184 267 280 122 123 167 185 255 268 281 122 123 167 180 185 255 268 282 122 123 167 180 185 205 255 268 282 123 124 173 180 191 205 261 274 286 123 124 173 180 191 261 274 286 123 124 173 191 261 274 287 124 139 192 275 288 125 140 193 276 289 126 141 194 277 290 120 129 182 207 265 278 121 130 183 208 266 279 122 131 184 209 267 280 122 123 167 185 210 255 268 281 122 123 167 180 185 211 255 268 282 122 123 167 180 185 206 211 255 268 282 123 124 173 180 191 206 215 261 274 286 123 124 173 180 191 215 261 274 286 123 124 173 191 216 261 274 287 124 139 192 217 275 288 125 140 193 218 276 289 126 141 194 219 277 290 129 144 182 207 330 343 130 145 183 208 331 344 131 146 184 209 332 345 146 147 167 185 210 333 346 359 146 147 167 185 196 211 334 346 359 146 147 167 185 196 211 220 334 346 359 147 148 173 191 196 215 220 338 352 365 147 148 173 191 196 215 338 352 365 147 148 173 191 216 339 352 365 139 148 192 217 340 353 140 149 193 218 341 354 141 150 194 219 342 355 129 144 182 330 343 130 145 183 331 344 131 146 184 332 345 146 147 167 185 333 346 359 146 147 167 185 196 334 346 359 146 147 167 185 196 221 334 346 359 147 148 173 191 196 221 338 352 365 147 148 173 191 196 338 352 365 147 148 173 191 339 352 365 139 148 192 340 353 140 149 193 341 354 141 150 194 342 355 146 147 167 197 346 347 359 146 147 167 197 222 346 347 359 147 148 173 197 222 351 352 365 147 148 173 197 351 352 365 146 147 198 359 360 146 147 198 223 359 360 147 148 198 223 364 365 147 148 198 364 365 153 154 199 372 373 153 154 199 224 372 373 154 155 199 224 377 378 154 155 199 377 378 160 161 200 385 386 160 161 200 225 385 386 161 162 200 225 390 391 161 162 200 390 391 229 230 420 458 459 229 230 395 420 458 459 234 235 395 420 459 460 234 235 420 459 460 242 243 421 458 459 468 469 242 243 396 421 458 459 468 469 247 248 396 421 459 460 469 470 247 248 421 459 460 469 470 255 256 422 468 469 255 256 397 422 468 469 260 261 397 422 469 470 260 261 422 469 470 255 268 269 423 447 468 469 255 268 269 398 423 447 468 469 261 273 274 398 423 453 469 470 261 273 274 423 453 469 470 265 278 426 466 475 266 279 427 467 476 267 280 428 468 477 255 268 281 429 447 468 469 255 268 282 424 429 447 468 469 255 268 282 399 424 429 447 468 469 261 274 286 399 424 435 453 469 470 261 274 286 424 435 453 469 470 261 274 287 435 453 469 470 275 288 436 470 485 276 289 437 471 486 277 290 438 472 487 265 278 401 426 466 475 266 279 402 427 467 476 267 280 403 428 468 477 255 268 281 404 429 447 468 469 255 268 282 405 424 429 447 468 469 255 268 282 400 405 424 429 447 468 469 261 274 286 400 409 424 435 453 469 470 261 274 286 409 424 435 453 469 470 261 274 287 410 435 453 469 470 275 288 411 436 470 485 276 289 412 437 471 486 277 290 413 438 472 487 330 343 401 426 475 490 331 344 402 427 476 490 491 332 345 403 428 477 491 333 346 359 404 429 447 491 492 334 346 359 405 429 440 447 491 492 334 346 359 405 414 429 440 447 491 492 338 352 365 409 414 435 440 453 492 493 338 352 365 409 435 440 453 492 493 339 352 365 410 435 453 492 493 340 353 411 436 485 493 341 354 412 437 486 494 342 355 413 438 487 495 330 343 426 475 490 331 344 427 476 490 491 332 345 428 477 491 333 346 359 429 447 491 492 334 346 359 429 440 447 491 492 334 346 359 415 429 440 447 491 492 338 352 365 415 435 440 453 492 493 338 352 365 435 440 453 492 493 339 352 365 435 453 492 493 340 353 436 485 493 341 354 437 486 494 342 355 438 487 495 346 347 359 441 447 491 492 346 347 359 416 441 447 491 492 351 352 365 416 441 453 492 493 351 352 365 441 453 492 493 359 360 442 491 492 359 360 417 442 491 492 364 365 417 442 492 493 364 365 442 492 493 372 373 443 497 498 372 373 418 443 497 498 377 378 418 443 498 499 377 378 443 498 499 385 386 444 504 505 385 386 419 444 504 505 390 391 419 444 505 506 390 391 444 505 506 229 458 459 229 420 458 459 235 420 459 460 235 459 460 242 458 459 468 469 242 421 458 459 468 469 248 421 459 460 469 470 248 459 460 469 470 255 468 469 255 422 468 469 261 422 469 470 261 469 470 265 466 475 266 467 476 267 468 477 255 268 447 468 469 255 268 423 447 468 469 261 274 423 453 469 470 261 274 453 469 470 275 470 485 276 471 486 277 472 487 265 426 466 475 266 427 467 476 267 428 468 477 255 268 429 447 468 469 255 268 424 429 447 468 469 261 274 424 435 453 469 470 261 274 435 453 469 470 275 436 470 485 276 437 471 486 277 438 472 487 255 268 424 429 430 447 468 469 255 268 424 425 429 430 447 468 469 261 274 424 425 434 435 453 469 470 261 274 424 434 435 453 469 470 346 359 429 430 440 447 491 492 346 359 429 430 439 440 447 491 492 352 365 434 435 439 440 453 492 493 352 365 434 435 440 453 492 493 343 426 475 490 344 427 476 490 491 345 428 477 491 346 359 429 447 491 492 346 359 429 440 447 491 492 352 365 435 440 453 492 493 352 365 435 453 492 493 353 436 485 493 354 437 486 494 355 438 487 495 343 475 490 344 476 490 491 345 477 491 346 359 447 491 492 346 359 441 447 491 492 352 365 441 453 492 493 352 365 453 492 493 353 485 493 354 486 494 355 487 495 359 491 492 359 442 491 492 365 442 492 493 365 492 493 372 497 498 372 443 497 498 378 443 498 499 378 498 499 385 504 505 385 444 504 505 391 444 505 506 391 505 506 228 458 229 458 459 235 459 460 236 460 241 458 468 242 458 459 468 469 248 459 460 469 470 249 460 470 252 466 253 467 254 468 255 468 469 422 469 261 469 470 262 470 263 471 264 472 265 466 475 266 467 476 267 468 477 255 447 468 469 422 445 469 261 453 469 470 275 470 485 276 471 486 277 472 487 255 447 468 469 255 445 447 468 469 261 445 453 469 470 261 453 469 470 255 445 447 448 468 469 255 445 446 447 448 468 469 261 445 446 452 453 469 470 261 445 452 453 469 470 428 477 436 485 359 447 448 455 491 492 359 447 448 454 455 491 492 365 452 453 454 455 492 493 365 452 453 455 492 493 359 447 491 492 359 447 455 491 492 365 453 455 492 493 365 453 492 493 343 475 490 344 476 490 491 345 477 491 359 447 491 492 442 455 492 365 453 492 493 353 485 493 354 486 494 355 487 495 356 490 357 490 491 358 491 359 491 492 442 492 365 492 493 366 493 367 494 368 495 371 497 372 497 498 378 498 499 379 499 384 504 385 504 505 391 505 506 392 506 458 459 459 460 458 468 458 459 468 469 459 469 459 460 469 470 460 470 461 471 468 469 469 470 466 475 467 476 468 477 468 469 478 469 470 484 470 485 471 486 472 487 468 469 478 468 469 473 478 469 470 473 484 469 470 484 468 469 473 478 479 468 469 473 474 478 479 469 470 473 474 483 484 469 470 473 483 484 478 479 489 491 492 478 479 488 489 491 492 483 484 488 489 492 493 483 484 489 492 493 478 491 492 478 489 491 492 484 489 492 493 484 492 493 475 490 476 490 491 477 491 478 491 492 484 492 493 485 493 486 494 487 495 490 491 491 492 492 493 496 497 497 498 498 499 504 505 505 506 511 521 512 522 513 523 514 524 521 522 522 523 521 530 521 522 531 522 523 537 523 538 521 522 531 521 522 526 531 522 523 526 537 522 523 537 521 522 526 531 532 521 522 526 527 531 532 522 523 526 527 536 537 522 523 526 536 537 531 532 542 544 545 531 532 541 542 544 545 536 537 541 542 545 546 536 537 542 545 546 531 544 545 531 542 544 545 537 542 545 546 537 545 546 530 544 531 544 545 537 545 546 538 546 543 544 544 545 545 546 549 550 578 579 579 580 578 587 578 579 588 579 580 594 580 595 578 579 588 578 579 583 588 579 580 583 594 579 580 594 578 579 583 588 589 578 579 583 584 588 589 579 580 583 584 593 594 579 580 583 593 594 588 589 599 602 603 588 589 598 599 602 603 593 594 598 599 603 604 593 594 599 603 604 588 602 603 588 599 602 603 594 599 603 604 594 603 604 587 602 588 602 603 594 603 604 595 604 602 603 603 604 
0.532229 0.467771 0.467771 0.532229 0.532229 0.467771 0.283268 0.248961 0.467771 0.248961 0.283268 0.467771 0.532229 0.467771 0.13682 0.12025 0.742931 0.0660847 0.0580812 0.516995 0.358839 0.0580812 0.0660847 0.516995 0.358839 0.12025 0.13682 0.742931 0.0244758 0.0215116 0.191479 0.132904 0.62963 0.00906511 0.00796725 0.0709183 0.62963 0.0492235 0.233196 0.00796725 0.00906511 0.0709183 0.62963 0.233196 0.0492235 0.0215116 0.0244758 0.191479 0.62963 0.132904 0.132904 0.62963 0.191479 0.0244758 0.0215116 0.0492235 0.233196 0.62963 0.0709183 0.00906511 0.00796725 0.233196 0.0492235 0.62963 0.0709183 0.00796725 0.00906511 0.62963 0.132904 0.191479 0.0215116 0.0244758 0.742931 0.13682 0.12025 0.358839 0.516995 0.0660847 0.0580812 0.358839 0.516995 0.0580812 0.0660847 0.742931 0.12025 0.13682 0.467771 0.532229 0.467771 0.283268 0.248961 0.467771 0.248961 0.283268 0.467771 0.532229 0.532229 0.467771 0.467771 0.532229 0.532229 0.467771 0.306631 0.467771 0.225598 0.576126 0.423874 0.576126 0.423874 0.532229 0.467771 0.283268 0.248961 0.467771 0.163198 0.248961 0.467771 0.12007 0.306631 0.269495 0.225598 0.198276 0.13682 0.12025 0.742931 0.0660847 0.0580812 0.516995 0.358839 0.0380731 0.0580812 0.516995 0.358839 0.0280116 0.0788254 0.12025 0.742931 0.0579943 0.0244758 0.0215116 0.191479 0.132904 0.62963 0.00906511 0.00796725 0.0709183 0.62963 0.0492235 0.233196 0.00522265 0.00796725 0.0709183 0.62963 0.233196 0.0492235 0.00384247 0.0141012 0.0215116 0.191479 0.62963 0.132904 0.0103747 0.576126 0.423874 0.576126 0.423874 0.0141012 0.0123934 0.132904 0.62963 0.191479 0.0103747 0.00911819 0.00522265 0.00459014 0.0492235 0.233196 0.62963 0.0709183 0.00384247 0.00337711 0.00459014 0.00522265 0.233196 0.0492235 0.62963 0.0709183 0.00337711 0.00384247 0.0123934 0.0141012 0.62963 0.132904 0.191479 0.00911819 0.0103747 0.0788254 0.069279 0.742931 0.0579943 0.0509707 0.0380731 0.0334621 0.358839 0.516995 0.0280116 0.0246191 0.0334621 0.0380731 0.358839 0.516995 0.0246191 0.0280116 0.069279 0.0788254 0.742931 0.0509707 0.0579943 0.306631 0.467771 0.225598 0.163198 0.143433 0.467771 0.12007 0.105528 0.143433 0.163198 0.467771 0.105528 0.12007 0.269495 0.306631 0.198276 0.225598 0.576126 0.423874 0.306631 0.269495 0.225598 0.198276 0.576126 0.423874 0.269495 0.306631 0.198276 0.225598 0.576126 0.423874 0.576126 0.423874 0.576126 0.423874 0.576126 0.423874 0.576126 0.423874 0.576126 0.423874 0.532229 0.467771 0.467771 0.532229 0.532229 0.467771 0.467771 0.532229 0.532229 0.467771 0.467771 0.532229 0.532229 0.467771 0.532229 0.467771 0.532229 0.467771 0.283268 0.248961 0.467771 0.248961 0.283268 0.467771 0.532229 0.467771 0.532229 0.467771 0.532229 0.467771 0.13682 0.12025 0.742931 0.0660847 0.0580812 0.516995 0.358839 0.0580812 0.0660847 0.516995 0.358839 0.12025 0.13682 0.742931 0.0244758 0.0215116 0.191479 0.132904 0.62963 0.00906511 0.00796725 0.0709183 0.62963 0.0492235 0.233196 0.00796725 0.00906511 0.0709183 0.62963 0.233196 0.0492235 0.0215116 0.0244758 0.191479 0.62963 0.132904 0.132904 0.62963 0.191479 0.0244758 0.0215116 0.0492235 0.233196 0.62963 0.0709183 0.00906511 0.00796725 0.233196 0.0492235 0.62963 0.0709183 0.00796725 0.00906511 0.62963 0.132904 0.191479 0.0215116 0.0244758 0.742931 0.13682 0.12025 0.358839 0.516995 0.0660847 0.0580812 0.358839 0.516995 0.0580812 0.0660847 0.742931 0.12025 0.13682 0.467771 0.532229 0.467771 0.532229 0.467771 0.532229 0.467771 0.283268 0.248961 0.467771 0.248961 0.283268 0.467771 0.532229 0.467771 0.532229 0.467771 0.532229 0.532229 0.467771 0.467771 0.532229 0.532229 0.467771 0.467771 0.532229 0.532229 0.467771 0.467771 0.532229 0.532229 0.467771 0.283268 0.248961 0.467771 0.248961 0.283268 0.467771 0.532229 0.467771 0.532229 0.467771 0.283268 0.248961 0.467771 0.248961 0.283268 0.467771 0.532229 0.467771 0.532229 0.467771 0.532229 0.467771 0.532229 0.467771 0.283268 0.248961 0.467771 0.37037 0.62963 0.248961 0.283268 0.467771 0.532229 0.467771 0.532229 0.467771 0.532229 0.467771 0.283268 0.248961 0.467771 0.283268 0.248961 0.467771 0.283268 0.248961 0.467771 0.150763 0.132504 0.467771 0.248961 0.137174 0.62963 0.233196 0.132504 0.150763 0.467771 0.248961 0.283268 0.248961 0.467771 0.283268 0.248961 0.467771 0.283268 0.248961 0.467771 0.0728194 0.0640003 0.742931 0.12025 0.0351722 0.0309125 0.516995 0.358839 0.0580812 0.0309125 0.0351722 0.516995 0.358839 0.0580812 0.0640003 0.0728194 0.742931 0.12025 0.0130267 0.0114491 0.191479 0.132904 0.62963 0.0215116 0.00482472 0.0042404 0.0709183 0.62963 0.0492235 0.233196 0.00796725 0.0042404 0.00482472 0.0709183 0.62963 0.233196 0.0492235 0.00796725 0.0114491 0.0130267 0.191479 0.62963 0.132904 0.0215116 0.37037 0.62963 0.37037 0.62963 0.0130267 0.0114491 0.132904 0.62963 0.191479 0.0215116 0.00482472 0.0042404 0.0492235 0.233196 0.62963 0.0709183 0.00796725 0.0042404 0.00482472 0.233196 0.0492235 0.62963 0.0709183 0.00796725 0.0114491 0.0130267 0.62963 0.132904 0.191479 0.0215116 0.0728194 0.0640003 0.742931 0.12025 0.0351722 0.0309125 0.358839 0.516995 0.0580812 0.0309125 0.0351722 0.358839 0.516995 0.0580812 0.0640003 0.0728194 0.742931 0.12025 0.248961 0.283268 0.467771 0.248961 0.283268 0.467771 0.248961 0.283268 0.467771 0.150763 0.132504 0.467771 0.248961 0.137174 0.62963 0.233196 0.132504 0.150763 0.467771 0.248961 0.248961 0.283268 0.467771 0.248961 0.283268 0.467771 0.248961 0.283268 0.467771 0.532229 0.467771 0.532229 0.467771 0.532229 0.467771 0.283268 0.248961 0.467771 0.37037 0.62963 0.248961 0.283268 0.467771 0.532229 0.467771 0.532229 0.467771 0.532229 0.467771 0.532229 0.467771 0.283268 0.248961 0.467771 0.248961 0.283268 0.467771 0.532229 0.467771 0.532229 0.467771 0.283268 0.248961 0.467771 0.248961 0.283268 0.467771 0.532229 0.467771 0.13682 0.12025 0.742931 0.0660847 0.0580812 0.516995 0.358839 0.0580812 0.0660847 0.516995 0.358839 0.12025 0.13682 0.742931 0.13682 0.12025 0.742931 0.0660847 0.0580812 0.516995 0.358839 0.0580812 0.0660847 0.516995 0.358839 0.12025 0.13682 0.742931 0.13682 0.12025 0.742931 0.0660847 0.0580812 0.516995 0.358839 0.0580812 0.0660847 0.516995 0.358839 0.12025 0.13682 0.742931 0.13682 0.12025 0.742931 0.13682 0.12025 0.742931 0.13682 0.12025 0.742931 0.0728194 0.0640003 0.225936 0.12025 0.516995 0.0351722 0.0309125 0.109128 0.516995 0.0580812 0.249711 0.0309125 0.0351722 0.109128 0.516995 0.0580812 0.249711 0.0640003 0.0728194 0.225936 0.12025 0.516995 0.13682 0.12025 0.742931 0.13682 0.12025 0.742931 0.13682 0.12025 0.742931 0.0660847 0.0580812 0.516995 0.358839 0.0660847 0.0580812 0.516995 0.358839 0.0660847 0.0580812 0.516995 0.358839 0.0351722 0.0309125 0.109128 0.516995 0.0580812 0.249711 0.0169883 0.0149309 0.0527095 0.516995 0.249711 0.0280535 0.120612 0.0149309 0.0169883 0.0527095 0.516995 0.249711 0.0280535 0.120612 0.0309125 0.0351722 0.109128 0.516995 0.0580812 0.249711 0.0660847 0.0580812 0.516995 0.358839 0.0660847 0.0580812 0.516995 0.358839 0.0660847 0.0580812 0.516995 0.358839 0.00629198 0.00552997 0.0195221 0.191479 0.0924856 0.62963 0.0103902 0.0446711 0.00233036 0.00204814 0.00723039 0.0709183 0.62963 0.0342539 0.233196 0.00384822 0.0165448 0.00204814 0.00233036 0.00723039 0.0709183 0.62963 0.233196 0.0342539 0.00384822 0.0165448 0.00552997 0.00629198 0.0195221 0.191479 0.62963 0.0924856 0.0103902 0.0446711 0.00629198 0.00552997 0.0195221 0.0924856 0.62963 0.191479 0.0446711 0.0103902 0.00233036 0.00204814 0.00723039 0.0342539 0.233196 0.62963 0.0709183 0.0165448 0.00384822 0.00204814 0.00233036 0.00723039 0.233196 0.0342539 0.62963 0.0709183 0.0165448 0.00384822 0.00552997 0.00629198 0.0195221 0.62963 0.0924856 0.191479 0.0446711 0.0103902 0.0580812 0.0660847 0.516995 0.358839 0.0580812 0.0660847 0.516995 0.358839 0.0580812 0.0660847 0.516995 0.358839 0.0351722 0.0309125 0.109128 0.516995 0.249711 0.0580812 0.0169883 0.0149309 0.0527095 0.249711 0.516995 0.120612 0.0280535 0.0149309 0.0169883 0.0527095 0.249711 0.516995 0.120612 0.0280535 0.0309125 0.0351722 0.109128 0.516995 0.249711 0.0580812 0.0580812 0.0660847 0.516995 0.358839 0.0580812 0.0660847 0.516995 0.358839 0.0580812 0.0660847 0.516995 0.358839 0.12025 0.13682 0.742931 0.12025 0.13682 0.742931 0.12025 0.13682 0.742931 0.0728194 0.0640003 0.225936 0.516995 0.12025 0.0351722 0.0309125 0.109128 0.516995 0.249711 0.0580812 0.0309125 0.0351722 0.109128 0.516995 0.249711 0.0580812 0.0640003 0.0728194 0.225936 0.516995 0.12025 0.12025 0.13682 0.742931 0.12025 0.13682 0.742931 0.12025 0.13682 0.742931 0.13682 0.12025 0.742931 0.0660847 0.0580812 0.516995 0.358839 0.0580812 0.0660847 0.516995 0.358839 0.12025 0.13682 0.742931 0.13682 0.12025 0.742931 0.0660847 0.0580812 0.516995 0.358839 0.0580812 0.0660847 0.516995 0.358839 0.12025 0.13682 0.742931 0.13682 0.12025 0.742931 0.0660847 0.0580812 0.516995 0.358839 0.0580812 0.0660847 0.516995 0.358839 0.12025 0.13682 0.742931 0.0244758 0.0215116 0.191479 0.132904 0.62963 0.00906511 0.00796725 0.0709183 0.62963 0.0492235 0.233196 0.00796725 0.00906511 0.0709183 0.62963 0.233196 0.0492235 0.0215116 0.0244758 0.191479 0.62963 0.132904 0.0244758 0.0215116 0.191479 0.132904 0.62963 0.00906511 0.00796725 0.0709183 0.62963 0.0492235 0.233196 0.00796725 0.00906511 0.0709183 0.62963 0.233196 0.0492235 0.0215116 0.0244758 0.191479 0.62963 0.132904 0.0244758 0.0215116 0.191479 0.132904 0.62963 0.00906511 0.00796725 0.0709183 0.62963 0.0492235 0.233196 0.00796725 0.00906511 0.0709183 0.62963 0.233196 0.0492235 0.0215116 0.0244758 0.191479 0.62963 0.132904 0.0130267 0.0114491 0.0404179 0.191479 0.0215116 0.0924856 0.62963 0.00482472 0.0042404 0.0149696 0.0709183 0.62963 0.00796725 0.0342539 0.233196 0.0042404 0.00482472 0.0149696 0.0709183 0.62963 0.00796725 0.233196 0.0342539 0.0114491 0.0130267 0.0404179 0.191479 0.0215116 0.62963 0.0924856 0.0244758 0.0215116 0.191479 0.132904 0.62963 0.0244758 0.0215116 0.191479 0.132904 0.62963 0.0244758 0.0215116 0.191479 0.132904 0.62963 0.0130267 0.0114491 0.0404179 0.191479 0.0215116 0.0924856 0.62963 0.00629198 0.00552997 0.0195221 0.191479 0.0924856 0.0103902 0.0446711 0.62963 0.00233036 0.00204814 0.00723039 0.0709183 0.0342539 0.62963 0.00384822 0.0165448 0.233196 0.00204814 0.00233036 0.00723039 0.0709183 0.0342539 0.62963 0.00384822 0.0165448 0.233196 0.00552997 0.00629198 0.0195221 0.191479 0.0924856 0.0103902 0.0446711 0.62963 0.0114491 0.0130267 0.0404179 0.191479 0.0215116 0.0924856 0.62963 0.0244758 0.0215116 0.191479 0.132904 0.62963 0.0244758 0.0215116 0.191479 0.132904 0.62963 0.0244758 0.0215116 0.191479 0.132904 0.62963 0.00906511 0.00796725 0.0709183 0.62963 0.0492235 0.233196 0.00906511 0.00796725 0.0709183 0.62963 0.0492235 0.233196 0.00906511 0.00796725 0.0709183 0.62963 0.0492235 0.233196 0.00482472 0.0042404 0.0149696 0.0709183 0.62963 0.00796725 0.0342539 0.233196 0.00233036 0.00204814 0.00723039 0.0709183 0.0342539 0.62963 0.00384822 0.0165448 0.233196 0.000863098 0.000758569 0.00267792 0.026266 0.0126866 0.62963 0.233196 0.00142527 0.00612772 0.0863689 0.000758569 0.000863098 0.00267792 0.026266 0.0126866 0.62963 0.233196 0.00142527 0.00612772 0.0863689 0.00204814 0.00233036 0.00723039 0.0709183 0.0342539 0.62963 0.00384822 0.0165448 0.233196 0.0042404 0.00482472 0.0149696 0.0709183 0.62963 0.00796725 0.0342539 0.233196 0.00906511 0.00796725 0.0709183 0.62963 0.0492235 0.233196 0.00906511 0.00796725 0.0709183 0.62963 0.0492235 0.233196 0.00906511 0.00796725 0.0709183 0.62963 0.0492235 0.233196 0.00796725 0.00906511 0.0709183 0.62963 0.233196 0.0492235 0.00796725 0.00906511 0.0709183 0.62963 0.233196 0.0492235 0.00796725 0.00906511 0.0709183 0.62963 0.233196 0.0492235 0.00482472 0.0042404 0.0149696 0.0709183 0.62963 0.233196 0.0342539 0.00796725 0.00233036 0.00204814 0.00723039 0.0342539 0.0709183 0.62963 0.233196 0.0165448 0.00384822 0.000863098 0.000758569 0.00267792 0.0126866 0.026266 0.233196 0.62963 0.0863689 0.00612772 0.00142527 0.000758569 0.000863098 0.00267792 0.0126866 0.026266 0.233196 0.62963 0.0863689 0.00612772 0.00142527 0.00204814 0.00233036 0.00723039 0.0342539 0.0709183 0.62963 0.233196 0.0165448 0.00384822 0.0042404 0.00482472 0.0149696 0.0709183 0.62963 0.233196 0.0342539 0.00796725 0.00796725 0.00906511 0.0709183 0.62963 0.233196 0.0492235 0.00796725 0.00906511 0.0709183 0.62963 0.233196 0.0492235 0.00796725 0.00906511 0.0709183 0.62963 0.233196 0.0492235 0.0215116 0.0244758 0.191479 0.62963 0.132904 0.0215116 0.0244758 0.191479 0.62963 0.132904 0.0215116 0.0244758 0.191479 0.62963 0.132904 0.0130267 0.0114491 0.0404179 0.191479 0.62963 0.0924856 0.0215116 0.00629198 0.00552997 0.0195221 0.0924856 0.191479 0.62963 0.0446711 0.0103902 0.00233036 0.00204814 0.00723039 0.0342539 0.0709183 0.62963 0.233196 0.0165448 0.00384822 0.00204814 0.00233036 0.00723039 0.0342539 0.0709183 0.62963 0.233196 0.0165448 0.00384822 0.00552997 0.00629198 0.0195221 0.0924856 0.191479 0.62963 0.0446711 0.0103902 0.0114491 0.0130267 0.0404179 0.191479 0.62963 0.0924856 0.0215116 0.0215116 0.0244758 0.191479 0.62963 0.132904 0.0215116 0.0244758 0.191479 0.62963 0.132904 0.0215116 0.0244758 0.191479 0.62963 0.132904 0.0130267 0.0114491 0.0404179 0.191479 0.0924856 0.62963 0.0215116 0.00482472 0.0042404 0.0149696 0.0709183 0.62963 0.0342539 0.233196 0.00796725 0.0042404 0.00482472 0.0149696 0.0709183 0.62963 0.233196 0.0342539 0.00796725 0.0114491 0.0130267 0.0404179 0.191479 0.62963 0.0924856 0.0215116 0.0244758 0.0215116 0.191479 0.132904 0.62963 0.00906511 0.00796725 0.0709183 0.62963 0.0492235 0.233196 0.00796725 0.00906511 0.0709183 0.62963 0.233196 0.0492235 0.0215116 0.0244758 0.191479 0.62963 0.132904 0.0244758 0.0215116 0.191479 0.132904 0.62963 0.00906511 0.00796725 0.0709183 0.62963 0.0492235 0.233196 0.00796725 0.00906511 0.0709183 0.62963 0.233196 0.0492235 0.0215116 0.0244758 0.191479 0.62963 0.132904 0.0244758 0.0215116 0.191479 0.132904 0.62963 0.00906511 0.00796725 0.0709183 0.62963 0.0492235 0.233196 0.00796725 0.00906511 0.0709183 0.62963 0.233196 0.0492235 0.0215116 0.0244758 0.191479 0.62963 0.132904 0.132904 0.62963 0.191479 0.0244758 0.0215116 0.0492235 0.233196 0.62963 0.0709183 0.00906511 0.00796725 0.233196 0.0492235 0.62963 0.0709183 0.00796725 0.00906511 0.62963 0.132904 0.191479 0.0215116 0.0244758 0.132904 0.62963 0.191479 0.0141012 0.0123934 0.0103747 0.00911819 0.0492235 0.233196 0.62963 0.0709183 0.00522265 0.00459014 0.00384247 0.00337711 0.233196 0.0492235 0.62963 0.0709183 0.00459014 0.00522265 0.00337711 0.00384247 0.62963 0.132904 0.191479 0.0123934 0.0141012 0.00911819 0.0103747 0.132904 0.62963 0.191479 0.0244758 0.0215116 0.0492235 0.233196 0.62963 0.0709183 0.00906511 0.00796725 0.233196 0.0492235 0.62963 0.0709183 0.00796725 0.00906511 0.62963 0.132904 0.191479 0.0215116 0.0244758 0.0215116 0.0924856 0.62963 0.191479 0.0404179 0.0130267 0.0114491 0.00796725 0.0342539 0.233196 0.62963 0.0709183 0.0149696 0.00482472 0.0042404 0.00796725 0.233196 0.0342539 0.62963 0.0709183 0.0149696 0.0042404 0.00482472 0.0215116 0.62963 0.0924856 0.191479 0.0404179 0.0114491 0.0130267 0.132904 0.62963 0.191479 0.0244758 0.0215116 0.132904 0.62963 0.191479 0.0244758 0.0215116 0.132904 0.62963 0.191479 0.0244758 0.0215116 0.0215116 0.0924856 0.62963 0.191479 0.0404179 0.0130267 0.0114491 0.0103902 0.0446711 0.62963 0.191479 0.0924856 0.0195221 0.00629198 0.00552997 0.00384822 0.0165448 0.233196 0.62963 0.0709183 0.0342539 0.00723039 0.00233036 0.00204814 0.00384822 0.0165448 0.233196 0.62963 0.0709183 0.0342539 0.00723039 0.00204814 0.00233036 0.0103902 0.0446711 0.62963 0.191479 0.0924856 0.0195221 0.00552997 0.00629198 0.0215116 0.0924856 0.62963 0.191479 0.0404179 0.0114491 0.0130267 0.132904 0.62963 0.191479 0.0244758 0.0215116 0.132904 0.62963 0.191479 0.0244758 0.0215116 0.132904 0.62963 0.191479 0.0244758 0.0215116 0.0492235 0.233196 0.62963 0.0709183 0.00906511 0.00796725 0.0492235 0.233196 0.62963 0.0709183 0.00906511 0.00796725 0.0492235 0.233196 0.62963 0.0709183 0.00906511 0.00796725 0.00796725 0.0342539 0.233196 0.62963 0.0709183 0.0149696 0.00482472 0.0042404 0.00384822 0.0165448 0.233196 0.62963 0.0709183 0.0342539 0.00723039 0.00233036 0.00204814 0.00142527 0.00612772 0.0863689 0.62963 0.233196 0.026266 0.0126866 0.00267792 0.000863098 0.000758569 0.00142527 0.00612772 0.0863689 0.62963 0.233196 0.026266 0.0126866 0.00267792 0.000758569 0.000863098 0.00384822 0.0165448 0.233196 0.62963 0.0709183 0.0342539 0.00723039 0.00204814 0.00233036 0.00796725 0.0342539 0.233196 0.62963 0.0709183 0.0149696 0.0042404 0.00482472 0.0492235 0.233196 0.62963 0.0709183 0.00906511 0.00796725 0.0492235 0.233196 0.62963 0.0709183 0.00906511 0.00796725 0.0492235 0.233196 0.62963 0.0709183 0.00906511 0.00796725 0.233196 0.0492235 0.62963 0.0709183 0.00796725 0.00906511 0.233196 0.0492235 0.62963 0.0709183 0.00796725 0.00522265 0.00384247 0.233196 0.0492235 0.62963 0.0709183 0.00796725 0.00906511 0.233196 0.0342539 0.00796725 0.62963 0.0709183 0.0149696 0.00482472 0.0042404 0.233196 0.0165448 0.00384822 0.62963 0.0342539 0.0709183 0.00723039 0.00233036 0.00204814 0.0863689 0.00612772 0.00142527 0.233196 0.62963 0.0126866 0.026266 0.00267792 0.000863098 0.000758569 0.0863689 0.00612772 0.00142527 0.233196 0.62963 0.0126866 0.026266 0.00267792 0.000758569 0.000863098 0.233196 0.0165448 0.00384822 0.62963 0.0342539 0.0709183 0.00723039 0.00204814 0.00233036 0.233196 0.0342539 0.00796725 0.62963 0.0709183 0.0149696 0.0042404 0.00482472 0.233196 0.0492235 0.62963 0.0709183 0.00796725 0.00906511 0.233196 0.0492235 0.62963 0.0709183 0.00796725 0.00906511 0.233196 0.0492235 0.62963 0.0709183 0.00796725 0.00906511 0.62963 0.132904 0.191479 0.0215116 0.0244758 0.62963 0.132904 0.191479 0.0215116 0.0141012 0.0103747 0.62963 0.132904 0.191479 0.0215116 0.0244758 0.62963 0.0924856 0.0215116 0.191479 0.0404179 0.0130267 0.0114491 0.62963 0.0446711 0.0103902 0.0924856 0.191479 0.0195221 0.00629198 0.00552997 0.233196 0.0165448 0.00384822 0.62963 0.0342539 0.0709183 0.00723039 0.00233036 0.00204814 0.233196 0.0165448 0.00384822 0.62963 0.0342539 0.0709183 0.00723039 0.00204814 0.00233036 0.62963 0.0446711 0.0103902 0.0924856 0.191479 0.0195221 0.00552997 0.00629198 0.62963 0.0924856 0.0215116 0.191479 0.0404179 0.0114491 0.0130267 0.62963 0.132904 0.191479 0.0215116 0.0244758 0.62963 0.132904 0.191479 0.0215116 0.0244758 0.62963 0.132904 0.191479 0.0215116 0.0244758 0.0924856 0.62963 0.0215116 0.191479 0.0404179 0.0130267 0.0114491 0.0342539 0.233196 0.00796725 0.62963 0.0709183 0.0149696 0.00482472 0.0042404 0.233196 0.0342539 0.00796725 0.62963 0.0709183 0.0149696 0.0042404 0.00482472 0.62963 0.0924856 0.0215116 0.191479 0.0404179 0.0114491 0.0130267 0.132904 0.62963 0.191479 0.0244758 0.0215116 0.0492235 0.233196 0.62963 0.0709183 0.00906511 0.00796725 0.233196 0.0492235 0.62963 0.0709183 0.00796725 0.00906511 0.62963 0.132904 0.191479 0.0215116 0.0244758 0.132904 0.62963 0.191479 0.0244758 0.0215116 0.0492235 0.233196 0.62963 0.0709183 0.00906511 0.00796725 0.233196 0.0492235 0.62963 0.0709183 0.00796725 0.00906511 0.62963 0.132904 0.191479 0.0215116 0.0244758 0.132904 0.62963 0.191479 0.0244758 0.0215116 0.0492235 0.233196 0.62963 0.0709183 0.00906511 0.00796725 0.233196 0.0492235 0.62963 0.0709183 0.00796725 0.00906511 0.62963 0.132904 0.191479 0.0215116 0.0244758 0.742931 0.13682 0.12025 0.358839 0.516995 0.0660847 0.0580812 0.358839 0.516995 0.0580812 0.0660847 0.742931 0.12025 0.13682 0.742931 0.0788254 0.069279 0.0579943 0.0509707 0.358839 0.516995 0.0380731 0.0334621 0.0280116 0.0246191 0.358839 0.516995 0.0334621 0.0380731 0.0246191 0.0280116 0.742931 0.069279 0.0788254 0.0509707 0.0579943 0.742931 0.13682 0.12025 0.358839 0.516995 0.0660847 0.0580812 0.358839 0.516995 0.0580812 0.0660847 0.742931 0.12025 0.13682 0.742931 0.13682 0.12025 0.742931 0.13682 0.12025 0.742931 0.13682 0.12025 0.12025 0.516995 0.225936 0.0728194 0.0640003 0.0580812 0.249711 0.516995 0.109128 0.0351722 0.0309125 0.0580812 0.249711 0.516995 0.109128 0.0309125 0.0351722 0.12025 0.516995 0.225936 0.0640003 0.0728194 0.742931 0.13682 0.12025 0.742931 0.13682 0.12025 0.742931 0.13682 0.12025 0.358839 0.516995 0.0660847 0.0580812 0.358839 0.516995 0.0660847 0.0580812 0.358839 0.516995 0.0660847 0.0580812 0.0580812 0.249711 0.516995 0.109128 0.0351722 0.0309125 0.0280535 0.120612 0.516995 0.249711 0.0527095 0.0169883 0.0149309 0.0280535 0.120612 0.516995 0.249711 0.0527095 0.0149309 0.0169883 0.0580812 0.249711 0.516995 0.109128 0.0309125 0.0351722 0.358839 0.516995 0.0660847 0.0580812 0.358839 0.516995 0.0660847 0.0580812 0.358839 0.516995 0.0660847 0.0580812 0.0103902 0.0446711 0.191479 0.0924856 0.62963 0.0195221 0.00629198 0.00552997 0.00384822 0.0165448 0.0709183 0.62963 0.0342539 0.233196 0.00723039 0.00233036 0.00204814 0.00384822 0.0165448 0.0709183 0.62963 0.233196 0.0342539 0.00723039 0.00204814 0.00233036 0.0103902 0.0446711 0.191479 0.62963 0.0924856 0.0195221 0.00552997 0.00629198 0.0446711 0.0103902 0.0924856 0.62963 0.191479 0.0195221 0.00629198 0.00552997 0.0165448 0.00384822 0.0342539 0.233196 0.62963 0.0709183 0.00723039 0.00233036 0.00204814 0.0165448 0.00384822 0.233196 0.0342539 0.62963 0.0709183 0.00723039 0.00204814 0.00233036 0.0446711 0.0103902 0.62963 0.0924856 0.191479 0.0195221 0.00552997 0.00629198 0.358839 0.516995 0.0580812 0.0660847 0.358839 0.516995 0.0580812 0.0380731 0.0280116 0.358839 0.516995 0.0580812 0.0660847 0.249711 0.0580812 0.516995 0.109128 0.0351722 0.0309125 0.120612 0.0280535 0.249711 0.516995 0.0527095 0.0169883 0.0149309 0.120612 0.0280535 0.249711 0.516995 0.0527095 0.0149309 0.0169883 0.249711 0.0580812 0.516995 0.109128 0.0309125 0.0351722 0.358839 0.516995 0.0580812 0.0660847 0.358839 0.516995 0.0580812 0.0660847 0.358839 0.516995 0.0580812 0.0660847 0.742931 0.12025 0.13682 0.742931 0.12025 0.0788254 0.0579943 0.742931 0.12025 0.13682 0.516995 0.12025 0.225936 0.0728194 0.0640003 0.249711 0.0580812 0.516995 0.109128 0.0351722 0.0309125 0.249711 0.0580812 0.516995 0.109128 0.0309125 0.0351722 0.516995 0.12025 0.225936 0.0640003 0.0728194 0.742931 0.12025 0.13682 0.742931 0.12025 0.13682 0.742931 0.12025 0.13682 0.742931 0.13682 0.12025 0.358839 0.516995 0.0660847 0.0580812 0.358839 0.516995 0.0580812 0.0660847 0.742931 0.12025 0.13682 0.742931 0.13682 0.12025 0.358839 0.516995 0.0660847 0.0580812 0.358839 0.516995 0.0580812 0.0660847 0.742931 0.12025 0.13682 0.742931 0.13682 0.12025 0.358839 0.516995 0.0660847 0.0580812 0.358839 0.516995 0.0580812 0.0660847 0.742931 0.12025 0.13682 0.467771 0.532229 0.467771 0.283268 0.248961 0.467771 0.248961 0.283268 0.467771 0.532229 0.467771 0.306631 0.225598 0.467771 0.163198 0.143433 0.12007 0.105528 0.467771 0.143433 0.163198 0.105528 0.12007 0.467771 0.306631 0.225598 0.467771 0.532229 0.467771 0.532229 0.467771 0.532229 0.467771 0.283268 0.248961 0.62963 0.37037 0.467771 0.248961 0.283268 0.467771 0.532229 0.467771 0.532229 0.467771 0.532229 0.467771 0.283268 0.248961 0.467771 0.283268 0.248961 0.467771 0.283268 0.248961 0.248961 0.467771 0.150763 0.132504 0.233196 0.62963 0.137174 0.248961 0.467771 0.132504 0.150763 0.467771 0.283268 0.248961 0.467771 0.283268 0.248961 0.467771 0.283268 0.248961 0.12025 0.742931 0.0728194 0.0640003 0.0580812 0.516995 0.358839 0.0351722 0.0309125 0.0580812 0.516995 0.358839 0.0309125 0.0351722 0.12025 0.742931 0.0640003 0.0728194 0.0215116 0.191479 0.132904 0.62963 0.0130267 0.0114491 0.00796725 0.0709183 0.62963 0.0492235 0.233196 0.00482472 0.0042404 0.00796725 0.0709183 0.62963 0.233196 0.0492235 0.0042404 0.00482472 0.0215116 0.191479 0.62963 0.132904 0.0114491 0.0130267 0.62963 0.37037 0.62963 0.37037 0.0215116 0.132904 0.62963 0.191479 0.0130267 0.0114491 0.00796725 0.0492235 0.233196 0.62963 0.0709183 0.00482472 0.0042404 0.00796725 0.233196 0.0492235 0.62963 0.0709183 0.0042404 0.00482472 0.0215116 0.62963 0.132904 0.191479 0.0114491 0.0130267 0.12025 0.742931 0.0728194 0.0640003 0.0580812 0.358839 0.516995 0.0351722 0.0309125 0.0580812 0.358839 0.516995 0.0309125 0.0351722 0.12025 0.742931 0.0640003 0.0728194 0.467771 0.248961 0.283268 0.467771 0.248961 0.163198 0.12007 0.467771 0.248961 0.283268 0.248961 0.467771 0.150763 0.132504 0.233196 0.62963 0.137174 0.248961 0.467771 0.132504 0.150763 0.467771 0.248961 0.283268 0.467771 0.248961 0.283268 0.467771 0.248961 0.283268 0.467771 0.532229 0.467771 0.306631 0.225598 0.467771 0.532229 0.467771 0.283268 0.248961 0.62963 0.37037 0.467771 0.248961 0.283268 0.467771 0.532229 0.467771 0.532229 0.467771 0.532229 0.467771 0.532229 0.467771 0.283268 0.248961 0.467771 0.248961 0.283268 0.467771 0.532229 0.467771 0.532229 0.467771 0.283268 0.248961 0.467771 0.248961 0.283268 0.467771 0.532229 0.532229 0.467771 0.467771 0.532229 0.576126 0.423874 0.306631 0.269495 0.225598 0.198276 0.576126 0.423874 0.269495 0.306631 0.198276 0.225598 0.576126 0.423874 0.576126 0.423874 0.532229 0.467771 0.467771 0.532229 0.532229 0.467771 0.532229 0.467771 0.532229 0.467771 0.283268 0.248961 0.467771 0.248961 0.283268 0.467771 0.532229 0.467771 0.532229 0.467771 0.532229 0.467771 0.13682 0.12025 0.742931 0.0660847 0.0580812 0.516995 0.358839 0.0580812 0.0660847 0.516995 0.358839 0.12025 0.13682 0.742931 0.0244758 0.0215116 0.191479 0.132904 0.62963 0.00906511 0.00796725 0.0709183 0.62963 0.0492235 0.233196 0.00796725 0.00906511 0.0709183 0.62963 0.233196 0.0492235 0.0215116 0.0244758 0.191479 0.62963 0.132904 0.132904 0.62963 0.191479 0.0244758 0.0215116 0.0492235 0.233196 0.62963 0.0709183 0.00906511 0.00796725 0.233196 0.0492235 0.62963 0.0709183 0.00796725 0.00906511 0.62963 0.132904 0.191479 0.0215116 0.0244758 0.742931 0.13682 0.12025 0.358839 0.516995 0.0660847 0.0580812 0.358839 0.516995 0.0580812 0.0660847 0.742931 0.12025 0.13682 0.467771 0.532229 0.467771 0.306631 0.225598 0.467771 0.532229 0.467771 0.283268 0.248961 0.467771 0.248961 0.283268 0.467771 0.532229 0.467771 0.532229 0.467771 0.532229 0.576126 0.423874 0.532229 0.467771 0.467771 0.532229 0.576126 0.423874 0.532229 0.467771 0.467771 0.532229 0.532229 0.467771 0.467771 0.532229 0.576126 0.423874 0.576126 0.423874 0.576126 0.423874 0.576126 0.423874 0.532229 0.467771 0.467771 0.532229 0.532229 0.467771 0.283268 0.248961 0.467771 0.248961 0.283268 0.467771 0.532229 0.467771 0.13682 0.12025 0.742931 0.0660847 0.0580812 0.516995 0.358839 0.0580812 0.0660847 0.516995 0.358839 0.12025 0.13682 0.742931 0.0244758 0.0215116 0.191479 0.132904 0.62963 0.00906511 0.00796725 0.0709183 0.62963 0.0492235 0.233196 0.00796725 0.00906511 0.0709183 0.62963 0.233196 0.0492235 0.0215116 0.0244758 0.191479 0.62963 0.132904 0.132904 0.62963 0.191479 0.0244758 0.0215116 0.0492235 0.233196 0.62963 0.0709183 0.00906511 0.00796725 0.233196 0.0492235 0.62963 0.0709183 0.00796725 0.00906511 0.62963 0.132904 0.191479 0.0215116 0.0244758 0.742931 0.13682 0.12025 0.358839 0.516995 0.0660847 0.0580812 0.358839 0.516995 0.0580812 0.0660847 0.742931 0.12025 0.13682 0.467771 0.532229 0.467771 0.283268 0.248961 0.467771 0.248961 0.283268 0.467771 0.532229 0.576126 0.423874 0.532229 0.467771 0.467771 0.532229 0.576126 0.423874 0.532229 0.467771 0.467771 0.532229 0.532229 0.467771 0.283268 0.248961 0.467771 0.248961 0.283268 0.467771 0.532229 0.467771 0.13682 0.12025 0.742931 0.0660847 0.0580812 0.516995 0.358839 0.0580812 0.0660847 0.516995 0.358839 0.12025 0.13682 0.742931 0.0244758 0.0215116 0.191479 0.132904 0.62963 0.00906511 0.00796725 0.0709183 0.62963 0.0492235 0.233196 0.00796725 0.00906511 0.0709183 0.62963 0.233196 0.0492235 0.0215116 0.0244758 0.191479 0.62963 0.132904 0.132904 0.62963 0.191479 0.0244758 0.0215116 0.0492235 0.233196 0.62963 0.0709183 0.00906511 0.00796725 0.233196 0.0492235 0.62963 0.0709183 0.00796725 0.00906511 0.62963 0.132904 0.191479 0.0215116 0.0244758 0.742931 0.13682 0.12025 0.358839 0.516995 0.0660847 0.0580812 0.358839 0.516995 0.0580812 0.0660847 0.742931 0.12025 0.13682 0.467771 0.532229 0.467771 0.283268 0.248961 0.467771 0.248961 0.283268 0.467771 0.532229 0.532229 0.467771 0.467771 0.532229 
