81
0 1 10 11 
1 2 11 12 
2 3 12 13 
3 4 13 14 
4 5 14 15 
5 6 15 16 
6 7 16 17 
7 8 17 18 
8 9 18 19 
10 11 20 21 
11 12 21 22 
12 13 22 23 
13 14 23 24 
14 15 24 25 
15 16 25 26 
16 17 26 27 
17 18 27 28 
18 19 28 29 
20 21 30 31 
21 22 31 32 
22 23 32 33 
23 24 33 34 
24 25 34 35 
25 26 35 36 
26 27 36 37 
27 28 37 38 
28 29 38 39 
30 31 40 41 
31 32 41 42 
32 33 42 43 
33 34 43 44 
34 35 44 45 
35 36 45 46 
36 37 46 47 
37 38 47 48 
38 39 48 49 
40 41 50 51 
41 42 51 52 
42 43 52 53 
43 44 53 54 
44 45 54 55 
45 46 55 56 
46 47 56 57 
47 48 57 58 
48 49 58 59 
50 51 60 61 
51 52 61 62 
52 53 62 63 
53 54 63 64 
54 55 64 65 
55 56 65 66 
56 57 66 67 
57 58 67 68 
58 59 68 69 
60 61 70 71 
61 62 71 72 
62 63 72 73 
63 64 73 74 
64 65 74 75 
65 66 75 76 
66 67 76 77 
67 68 77 78 
68 69 78 79 
70 71 80 81 
71 72 81 82 
72 73 82 83 
73 74 83 84 
74 75 84 85 
75 76 85 86 
76 77 86 87 
77 78 87 88 
78 79 88 89 
80 81 90 91 
81 82 91 92 
82 83 92 93 
83 84 93 94 
84 85 94 95 
85 86 95 96 
86 87 96 97 
87 88 97 98 
88 89 98 99 
