49
0 -10
1 -10
2.3 -10
3.99 -10
6.187 -10
9.0431 -10
10 -10
0 -9.0431
1 -9.0431
2.3 -9.0431
3.99 -9.0431
6.187 -9.0431
9.0431 -9.0431
10 -9.0431
0 -6.187
1 -6.187
2.3 -6.187
3.99 -6.187
6.187 -6.187
9.0431 -6.187
10 -6.187
0 -3.99
1 -3.99
2.3 -3.99
3.99 -3.99
6.187 -3.99
9.0431 -3.99
10 -3.99
0 -2.3
1 -2.3
2.3 -2.3
3.99 -2.3
6.187 -2.3
9.0431 -2.3
10 -2.3
0 -1
1 -1
2.3 -1
3.99 -1
6.187 -1
9.0431 -1
10 -1
0 0
1 0
2.3 0
3.99 0
6.187 0
9.0431 0
10 0
