0   0   0
0   1   1
1   2   1
2   3   1
3   4   2
5   5   4
9   6   4
13   7   3
16   8   1
17   9   3
20   10   2
22   11   3
25   12   3
28   13   3
31   14   4
35   15   7
42   16   7
49   17   5
54   18   8
62   19   13
75   20   13
88   21   9
97   22   4
101   23   8
109   24   6
115   25   8
123   26   8
131   27   7
138   28   4
142   29   7
149   30   7
156   31   5
161   32   8
169   33   13
182   34   13
195   35   9
204   36   4
208   37   8
216   38   6
222   39   8
230   40   8
238   41   7
245   42   10
255   43   10
265   44   16
281   45   16
297   46   11
308   47   11
319   48   