string 0: 
string 1: 0 
string 2: 1 
string 3: 2 
string 4: 3 
string 5: 0 1 
string 6: 0 1 2 5 
string 7: 1 2 3 6 
string 8: 2 3 4 7 
string 9: 3 4 8 
string 10: 5 6 
string 11: 5 6 7 10 
string 12: 6 7 8 11 
string 13: 7 8 9 12 
string 14: 8 9 13 
string 15: 10 11 
string 16: 10 11 12 15 
string 17: 11 12 13 16 
string 18: 12 13 14 17 
string 19: 13 14 18 
string 20: 15 16 
string 21: 15 16 17 20 
string 22: 16 17 18 21 
string 23: 17 18 19 22 
string 24: 18 19 23 
string 25: 0 1 5 6 
string 26: 0 1 2 5 6 7 25 
string 27: 1 2 3 6 7 8 26 
string 28: 2 3 4 7 8 9 27 
string 29: 3 4 8 9 28 
string 30: 0 1 5 6 10 11 25 26 
string 31: 0 1 2 5 6 7 10 11 12 25 26 27 30 
string 32: 1 2 3 6 7 8 11 12 13 26 27 28 31 
string 33: 2 3 4 7 8 9 12 13 14 27 28 29 32 
string 34: 3 4 8 9 13 14 28 29 33 
string 35: 5 6 10 11 15 16 30 31 
string 36: 5 6 7 10 11 12 15 16 17 30 31 32 35 
string 37: 6 7 8 11 12 13 16 17 18 31 32 33 36 
string 38: 7 8 9 12 13 14 17 18 19 32 33 34 37 
string 39: 8 9 13 14 18 19 33 34 38 
string 40: 10 11 15 16 20 21 35 36 
string 41: 10 11 12 15 16 17 20 21 22 35 36 37 40 
string 42: 11 12 13 16 17 18 21 22 23 36 37 38 41 
string 43: 12 13 14 17 18 19 22 23 24 37 38 39 42 
string 44: 13 14 18 19 23 24 38 39 43 
string 45: 15 16 20 21 40 41 
string 46: 15 16 17 20 21 22 40 41 42 45 
string 47: 16 17 18 21 22 23 41 42 43 46 
string 48: 17 18 19 22 23 24 42 43 44 47 
string 49: 18 19 23 24 43 44 48 
string 50: 25 26 30 31 
string 51: 25 26 27 30 31 32 50 
string 52: 26 27 28 31 32 33 51 
string 53: 27 28 29 32 33 34 52 
string 54: 28 29 33 34 53 
string 55: 25 26 30 31 35 36 50 51 
string 56: 25 26 27 30 31 32 35 36 37 50 51 52 55 
string 57: 26 27 28 31 32 33 36 37 38 51 52 53 56 
string 58: 27 28 29 32 33 34 37 38 39 52 53 54 57 
string 59: 28 29 33 34 38 39 53 54 58 
string 60: 30 31 35 36 40 41 55 56 
string 61: 30 31 32 35 36 37 40 41 42 55 56 57 60 
string 62: 31 32 33 36 37 38 41 42 43 56 57 58 61 
string 63: 32 33 34 37 38 39 42 43 44 57 58 59 62 
string 64: 33 34 38 39 43 44 58 59 63 
string 65: 35 36 40 41 45 46 60 61 
string 66: 35 36 37 40 41 42 45 46 47 60 61 62 65 
string 67: 36 37 38 41 42 43 46 47 48 61 62 63 66 
string 68: 37 38 39 42 43 44 47 48 49 62 63 64 67 
string 69: 38 39 43 44 48 49 63 64 68 
string 70: 40 41 45 46 65 66 
string 71: 40 41 42 45 46 47 65 66 67 70 
string 72: 41 42 43 46 47 48 66 67 68 71 
string 73: 42 43 44 47 48 49 67 68 69 72 
string 74: 43 44 48 49 68 69 73 
string 75: 50 51 55 56 
string 76: 50 51 52 55 56 57 75 
string 77: 51 52 53 56 57 58 76 
string 78: 52 53 54 57 58 59 77 
string 79: 53 54 58 59 78 
string 80: 50 51 55 56 60 61 75 76 
string 81: 50 51 52 55 56 57 60 61 62 75 76 77 80 
string 82: 51 52 53 56 57 58 61 62 63 76 77 78 81 
string 83: 52 53 54 57 58 59 62 63 64 77 78 79 82 
string 84: 53 54 58 59 63 64 78 79 83 
string 85: 55 56 60 61 65 66 80 81 
string 86: 55 56 57 60 61 62 65 66 67 80 81 82 85 
string 87: 56 57 58 61 62 63 66 67 68 81 82 83 86 
string 88: 57 58 59 62 63 64 67 68 69 82 83 84 87 
string 89: 58 59 63 64 68 69 83 84 88 
string 90: 60 61 65 66 70 71 85 86 
string 91: 60 61 62 65 66 67 70 71 72 85 86 87 90 
string 92: 61 62 63 66 67 68 71 72 73 86 87 88 91 
string 93: 62 63 64 67 68 69 72 73 74 87 88 89 92 
string 94: 63 64 68 69 73 74 88 89 93 
string 95: 65 66 70 71 90 91 
string 96: 65 66 67 70 71 72 90 91 92 95 
string 97: 66 67 68 71 72 73 91 92 93 96 
string 98: 67 68 69 72 73 74 92 93 94 97 
string 99: 68 69 73 74 93 94 98 
string 100: 75 76 80 81 
string 101: 75 76 77 80 81 82 100 
string 102: 76 77 78 81 82 83 101 
string 103: 77 78 79 82 83 84 102 
string 104: 78 79 83 84 103 
string 105: 75 76 80 81 85 86 100 101 
string 106: 75 76 77 80 81 82 85 86 87 100 101 102 105 
string 107: 76 77 78 81 82 83 86 87 88 101 102 103 106 
string 108: 77 78 79 82 83 84 87 88 89 102 103 104 107 
string 109: 78 79 83 84 88 89 103 104 108 
string 110: 80 81 85 86 90 91 105 106 
string 111: 80 81 82 85 86 87 90 91 92 105 106 107 110 
string 112: 81 82 83 86 87 88 91 92 93 106 107 108 111 
string 113: 82 83 84 87 88 89 92 93 94 107 108 109 112 
string 114: 83 84 88 89 93 94 108 109 113 
string 115: 85 86 90 91 95 96 110 111 
string 116: 85 86 87 90 91 92 95 96 97 110 111 112 115 
string 117: 86 87 88 91 92 93 96 97 98 111 112 113 116 
string 118: 87 88 89 92 93 94 97 98 99 112 113 114 117 
string 119: 88 89 93 94 98 99 113 114 118 
string 120: 90 91 95 96 115 116 
string 121: 90 91 92 95 96 97 115 116 117 120 
string 122: 91 92 93 96 97 98 116 117 118 121 
string 123: 92 93 94 97 98 99 117 118 119 122 
string 124: 93 94 98 99 118 119 123 
