        24              1
        28              1
        25              1
        29              1
        28           0.25
        32           0.25
        29           0.25
        33           0.25
        25              1
        29              1
        26              1
        30              1
        29           0.25
        33           0.25
        30           0.25
        34           0.25
        26              1
        30              1
        27              1
        31              1
        30           0.25
        34           0.25
        31           0.25
        35           0.25
         0             -1
         4             -1
         1             -1
         5             -1
         4          -0.25
         8          -0.25
         5          -0.25
         9          -0.25
         1             -1
         5             -1
         2             -1
         6             -1
         5          -0.25
         9          -0.25
         6          -0.25
        10          -0.25
         2             -1
         6             -1
         3             -1
         7             -1
         6          -0.25
        10          -0.25
         7          -0.25
        11          -0.25
         0             -4
        12             -4
         4             -4
        16             -4
        12             -1
        24             -1
        16             -1
        28             -1
         4             -1
        16             -1
         8             -1
        20             -1
        16          -0.25
        28          -0.25
        20          -0.25
        32          -0.25
         3              4
        15              4
         7              4
        19              4
        15              1
        27              1
        19              1
        31              1
         7              1
        19              1
        11              1
        23              1
        19           0.25
        31           0.25
        23           0.25
        35           0.25
         0             -1
        12             -1
         1             -1
        13             -1
        12          -0.25
        24          -0.25
        13          -0.25
        25          -0.25
         1             -1
        13             -1
         2             -1
        14             -1
        13          -0.25
        25          -0.25
        14          -0.25
        26          -0.25
         2             -1
        14             -1
         3             -1
        15             -1
        14          -0.25
        26          -0.25
        15          -0.25
        27          -0.25
         8              1
        20              1
         9              1
        21              1
        20           0.25
        32           0.25
        21           0.25
        33           0.25
         9              1
        21              1
        10              1
        22              1
        21           0.25
        33           0.25
        22           0.25
        34           0.25
        10              1
        22              1
        11              1
        23              1
        22           0.25
        34           0.25
        23           0.25
        35           0.25
