         0     -0.0520833
         1      -0.046875
        16      -0.046875
        17     -0.0416667
        16    3.46945e-18
        17      0.0104167
        32      0.0833333
        33        0.09375
        32       0.671875
        33         0.6875
        48        1.09375
        49        1.10938
         1    3.46945e-18
         2      0.0833333
        17      0.0104167
        18        0.09375
        17       0.208333
        18          0.375
        33          0.375
        34       0.541667
        33        1.65625
        34        1.90625
        49            2.5
        50           2.75
         2       0.671875
         3        1.09375
        18         0.6875
        19        1.10938
        18        1.65625
        19            2.5
        34        1.90625
        35           2.75
        34            4.5
        35        5.76563
        50        5.76563
        51        7.03125
        12       0.510417
        13       0.515625
        28       0.515625
        29       0.520833
        28          1.125
        29        1.13542
        44        1.20833
        45        1.21875
        44        2.35938
        45          2.375
        60        2.78125
        61        2.79688
        13          1.125
        14        1.20833
        29        1.13542
        30        1.21875
        29        2.45833
        30          2.625
        45          2.625
        46        2.79167
        45        5.03125
        46        5.28125
        61          5.875
        62          6.125
        14        2.35938
        15        2.78125
        30          2.375
        31        2.79688
        30        5.03125
        31          5.875
        46        5.28125
        47          6.125
        46         9.5625
        47        10.8281
        62        10.8281
        63        12.0938
