0 1 4 5 16 17 20 21 0
1 2 5 6 17 18 21 22 0
2 3 6 7 18 19 22 23 0
4 5 8 9 20 21 24 25 0
5 6 9 10 21 22 25 26 0
6 7 10 11 22 23 26 27 0
8 9 12 13 24 25 28 29 0
9 10 13 14 25 26 29 30 0
10 11 14 15 26 27 30 31 0
16 17 20 21 32 33 36 37 0
17 18 21 22 33 34 37 38 0
18 19 22 23 34 35 38 39 0
20 21 24 25 36 37 40 41 0
21 22 25 26 37 38 41 42 0
22 23 26 27 38 39 42 43 0
24 25 28 29 40 41 44 45 0
25 26 29 30 41 42 45 46 0
26 27 30 31 42 43 46 47 0
32 33 36 37 48 49 52 53 0
33 34 37 38 49 50 53 54 0
34 35 38 39 50 51 54 55 0
36 37 40 41 52 53 56 57 0
37 38 41 42 53 54 57 58 0
38 39 42 43 54 55 58 59 0
40 41 44 45 56 57 60 61 0
41 42 45 46 57 58 61 62 0
42 43 46 47 58 59 62 63 0
