1
0 3 0 3 0 3 1 1

0 1
3
0.5
2
1

0 1
3
0.5
2
1

0 1
3
0.5
2
1
//--------------------
1
0 3 0 3 0 3 1 1

0 1
3
3
1
1

0 1
3
3
1
1

0 1
3
3
1
1
//--------------------
8
5 10 5 20 0 3 1 2
5 10 20 41 0 3 1 2
10 20 5 20 0 3 1 1
10 20 20 41 0 3 1 3
20 31 5 20 0 3 1 1
20 31 20 41 0 3 1 5
31 41 5 20 0 3 1 6
31 41 20 41 0 3 1 7

5 4
10 20 31 41
2 1 1 2
1.3 1.2 1.2 1.3
-1 -1 1 1

5 2
20 41
1 1
1.2 1.2
-1 1

0 1
3
0.5
2
1
//------------------
